31274	35736
24763	34904
28661	39376
27437	36676
30831	39580
30756	39038
25274	33833
31392	39260
30379	35978
24171	39302
31746	38912
26484	34611
26147	39554
29526	33470
28837	35555
26828	38256
30083	34010
25836	39207
29439	32944
29772	33809
29275	36933
27366	36580
26677	36956
27664	38089
30251	33876
25347	34102
24072	35147
31561	38104
30796	32746
28540	36451
28038	37773
24052	34424
30117	35521
31772	36365
25009	34511
28986	33454
26655	34845
27735	32257
25022	37907
26726	35156
25095	36310
30044	36257
27022	39407
30384	37745
24838	34168
26344	32534
24085	37895
30494	38340
26067	35057
26989	34563
24406	33558
25494	31833
29496	35677
31167	37534
25076	33046
30247	39122
25874	38673
25151	38416
25123	33973
24461	37598
25540	36100
27255	38947
28642	37887
25565	39165
29291	39569
27374	34736
24411	37283
28213	38955
29447	38358
28634	35534
29721	39525
29990	37491
30040	39114
25928	34239
28050	34992
26836	39070
24403	33500
27969	32310
24486	36116
28042	33962
28788	32349
30919	32468
31647	32300
30553	36380
29865	38195
28188	33081
28915	38361
24899	38773
27824	39529
27793	39128
31297	34948
30820	38901
31528	35294
29830	38945
27816	31847
31779	34654
26261	36461
25879	39152
31434	36328
31558	36324
24311	37202
27718	31933
27391	32645
26324	37636
26910	32771
24419	33183
25316	37925
24476	33687
30957	37235
24669	36470
27898	33211
28657	32795
28850	33239
31145	33362
31728	32756
26975	35631
26177	33764
27511	38347
31812	34254
30714	38115
24428	37847
26547	39413
31347	32150
30642	36776
26301	32145
28911	32609
30672	32754
24260	35260
27487	38132
26887	34489
31298	38091
30894	35701
24799	32988
30542	33022
27840	34801
25250	34210
24265	36167
28442	38869
26081	35822
28036	34048
29855	34349
31747	35589
31798	37565
27635	32520
29018	36211
30845	36781
30289	34946
31353	34589
28988	31858
24299	31832
27096	31980
25539	36811
27530	39245
26235	34911
28880	38624
25213	34100
30321	36453
24612	33972
25130	33293
28056	33850
30128	39252
24927	32763
24800	34180
29921	35847
27042	37541
28819	36498
28064	37766
27918	39146
27811	36020
26084	33988
31788	32775
27662	36481
27045	33389
30563	33479
29305	37211
29780	38394
24235	38351
24065	36934
27784	33384
31147	37801
28957	34961
24595	33321
29063	32830
25263	37703
31476	34453
26568	32911
29955	38359
28139	33957
27167	38015
30923	32996
26066	36417
24957	34908
28874	35108
29611	36925
26780	31943
30868	35051
24984	37264
29339	39567
24821	33050
24764	32299
30270	34308
28914	36049
26936	32029
26943	34184
25228	34325
26380	33176
28494	34635
28685	33455
31113	32653
28652	38755
26906	32691
27243	35828
24731	34640
30576	33417
29765	33416
31015	37755
28398	37728
30260	31913
29301	37095
28250	33661
27769	36602
30098	38929
27531	39242
27423	36878
30500	37929
30206	32506
30283	38004
29144	35132
27515	39153
27512	32951
28482	39362
30099	37668
29740	34574
31482	34341
26276	32187
30396	38873
26211	36887
29286	34593
24973	32314
28906	38294
25334	34619
26208	37622
26431	32364
26468	33490
27706	33388
27217	34598
24930	37419
29087	35324
24485	36538
27372	31947
30178	34060
25868	38113
28851	38407
26238	34897
27214	32379
29663	32008
25413	39031
26956	32508
29933	33836
25445	31859
29351	38859
30432	34342
29140	36449
26950	33905
29644	38204
29430	33934
24055	35023
27741	34535
27063	32147
26766	34588
27931	35744
27301	36863
25806	33570
24575	32171
25581	34906
26587	35193
26358	36361
28673	37025
31010	33189
30038	36532
27785	37839
27328	36864
26735	32115
28939	38099
29601	38251
26964	31963
27151	33268
26753	33679
29656	36391
24615	34295
28967	37874
31529	33329
29679	39326
30287	38789
26244	39471
25637	32903
26298	32381
26191	35441
30179	32259
24136	35105
29612	39375
27068	38157
27828	37969
30647	32353
27478	35119
26331	33442
29328	32307
30684	34080
31656	34434
26310	38522
30255	33711
27424	35646
28186	39126
24004	34225
25440	39092
28151	37320
28592	34117
30122	33429
26832	36444
29775	39073
27178	38858
28650	32797
29166	33528
26654	39437
30823	33961
25666	35613
30510	32880
26825	36495
25176	32568
26830	39048
29055	38915
30726	34529
25433	32357
30580	33707
25308	36664
30549	37955
30022	35532
30518	37137
25071	33665
31478	32063
24157	37364
26414	33530
30740	36866
30457	36336
24656	37975
30872	35037
30211	36576
30297	35148
27207	31924
28091	35187
29786	35526
26323	36432
26970	34122
28260	35040
26193	38479
31635	39463
28824	36921
24456	31828
29406	37449
25779	35432
28875	39528
27890	31914
27545	36579
28443	34158
30526	35836
25607	38308
29992	36385
26275	34288
31736	36710
25639	39154
27578	35181
24484	39509
26416	38384
27441	38140
26044	32306
24230	38002
28347	36660
25033	37601
26850	34699
30841	36003
25170	34030
25476	37813
30564	35979
30778	39417
25780	36573
24127	37390
27234	38100
26249	37467
24875	38283
28596	32914
28281	34819
30676	33784
29893	37334
30485	38318
27870	36998
31219	38531
30341	34525
27455	35436
29556	39082
30853	35232
26068	38429
25935	35796
27765	33852
26381	32224
24278	36202
27498	32441
26781	38902
30689	35367
28849	33194
24238	34416
29870	36689
30036	32216
28947	36231
30056	32282
26909	38656
25358	33172
26527	36404
28174	31964
27723	34450
29093	38405
27716	33083
29048	33775
30952	33731
29009	36715
26719	33885
27164	37330
30780	33808
31797	37830
28896	38780
29201	37203
27283	35330
26819	32482
28808	32870
29969	33841
29757	39210
26037	34685
29461	37284
27740	36326
25458	38330
30147	34166
25579	33049
24725	34860
25925	38674
31545	32076
25314	33462
29514	32407
24190	39033
26708	35643
26183	33801
24928	37069
25969	39052
29281	34114
26106	37525
31250	36794
28791	35826
29826	39388
29984	37070
28252	37367
24655	31916
29117	39084
30616	39586
25959	33616
25523	33814
26270	36953
24834	37457
29336	36600
26472	34234
27254	37332
27766	34014
25000	35520
29977	38768
28444	33631
31496	36828
30259	33237
28311	35731
25460	33854
31355	34700
27935	37066
31427	37376
30253	36569
28487	39527
31618	38662
31492	34329
25654	38215
25686	37777
29373	33298
31536	38146
31700	38197
30670	36679
30376	32442
29804	34718
28836	35511
26579	32143
31535	35376
24352	36717
27008	38293
25372	33504
30917	31893
28569	36818
28349	33919
31675	38461
31255	37797
24749	38680
26168	37446
25568	36588
28321	35665
26454	33692
27928	36980
29332	32973
29967	36518
29127	32315
25564	37667
26678	33100
27675	32724
26546	32848
25653	32967
24511	38651
24970	39099
24926	32136
28689	33831
26755	36946
29333	36939
29867	32337
25464	33363
28792	37683
28161	39534
28665	34651
30613	38520
27098	38822
24426	35343
24023	34807
30368	37022
28222	39478
29422	35873
29717	37662
27122	37123
28383	38456
30239	32233
31313	33678
29896	35462
29145	36554
25877	32736
31695	34116
29899	35003
28848	35086
30402	36464
26475	32198
26860	32133
29307	37769
28810	35285
26534	37469
31054	35347
26272	35002
26770	32197
31165	35696
31442	32079
31035	33265
24334	37236
27016	36022
25041	37424
26439	35632
27752	33786
26802	34575
24508	34524
25820	39030
27543	36260
26327	33255
25171	35329
30607	34855
29687	36131
30651	32049
26292	33708
27351	37853
29306	35308
25843	35311
27856	32676
31386	33137
24370	34667
29325	37719
25455	36280
27975	37220
29338	36160
29084	39133
30921	32518
29944	32286
28696	31867
31109	33992
29355	33545
28933	35801
24367	39381
28734	35702
30488	34130
29979	32342
25625	33122
26866	38201
25542	32378
25056	38708
31799	35640
31295	36186
24721	37080
26137	39455
26041	33772
27903	35370
28463	33352
29389	32590
26967	34821
25366	37049
24790	36770
30229	37614
31733	32429
28624	35697
29489	38707
28676	34104
31408	33944
27891	37577
28516	38164
26172	34076
28455	34039
29729	38546
28491	38508
27697	39226
24770	39123
31499	33374
26150	32816
28206	38345
28421	38189
27524	36465
25311	32308
26348	35880
28165	38863
30539	38468
26974	36686
29196	34203
25193	35374
27056	37466
24195	33654
24293	37458
24851	35447
29653	34684
28730	35073
28194	36746
25110	33481
26256	39034
31521	33691
29209	34035
25437	31910
28905	38621
28015	36064
26663	39312
24506	38615
24180	35619
29134	38375
31162	38632
24916	32573
28895	37938
29602	33195
25357	35152
30936	32753
30944	37044
27180	39169
25510	37983
29085	35386
28493	35969
27961	36146
28820	36954
24955	38282
25920	34340
26666	36543
31715	39439
25641	39531
31752	33864
28471	37778
26530	32297
29438	33538
26824	35472
30172	34218
25128	32457
30520	35858
25073	36941
28390	37517
29070	35012
27123	34844
30257	33520
27453	32941
25889	39480
25335	35626
29495	36630
26312	34189
29906	35133
27859	37809
27762	37414
27777	35948
27306	36981
31625	35615
27720	37127
27864	35302
29733	34312
25881	33710
26330	36306
25192	35276
25220	38702
28198	31896
31569	34749
24206	39507
28588	38557
27017	36905
24951	32946
31623	33571
29697	32410
28147	32829
27088	37144
28068	37946
31359	37550
25559	33413
26264	34932
27331	36804
26149	36774
28255	36137
27128	33419
28719	33023
25783	32606
26033	34128
25270	37527
29774	35704
24386	32582
31576	35502
27999	38141
27768	36093
25533	34131
30610	35120
30964	34437
29821	37740
24773	36098
25555	34463
27010	35662
28953	32275
26056	32689
24585	35007
30829	36970
31234	33634
25703	38444
24314	33035
28182	39438
28575	38241
31718	36254
25852	37048
27564	36507
26683	37575
27385	34629
27519	35947
28043	38300
24330	35266
27580	31930
26171	38545
31088	34514
25582	38816
28192	34554
26814	32095
25245	36636
30621	35318
27528	31978
28053	36429
28247	37761
29089	33714
26104	37696
25600	38305
26088	34606
26734	34142
25136	35605
28227	33569
27632	32218
29513	32961
27556	35856
28544	32574
25530	33906
29857	36624
25231	35375
30657	36323
30344	33508
27804	36201
29311	35581
30834	36491
24187	38488
27436	35253
27863	35794
25492	33827
26689	34895
30303	37258
25988	38721
28162	33913
26109	38596
28613	36740
31224	37484
25457	37206
29481	32915
29883	34505
30291	33629
26139	38445
24905	36262
27159	33274
29606	32987
25363	35773
30746	32666
25434	36117
25709	35973
31100	32023
31137	32785
28242	34175
28553	32151
27400	36278
24798	38997
30638	36370
30168	38610
31377	34464
27631	34760
24699	35052
29378	35989
24806	38344
30210	33797
26632	35173
29156	37999
30677	32695
28393	37697
29029	38219
30127	36749
24059	34091
30513	32595
29842	38834
24663	36582
28881	36047
25643	35735
27799	36088
27698	39142
24919	32217
30073	34707
30880	33338
29580	36256
31481	31993
25299	38352
24863	37109
30760	34843
28096	34998
27053	38924
29760	32616
26856	33564
26772	31829
27048	37125
26927	37012
24931	36063
28285	36621
28434	32043
26138	37909
31462	39476
28536	34890
26406	32027
29927	32631
31311	32201
30626	32717
25310	35182
25411	37482
30193	32431
27845	37041
30263	34136
30338	35407
26489	37869
27163	34993
28975	33354
31065	33340
28081	32929
24140	35802
25649	35808
30047	33471
28388	36480
30662	32348
28200	37535
31302	33185
27643	33448
25622	33967
27561	34503
31201	35599
31325	36688
24124	34344
24071	38262
28746	38630
25590	31871
28955	38954
26293	33549
26739	34067
24499	32269
24981	36842
29854	34816
29191	37443
24402	32312
29566	35322
28164	38102
26990	38122
25096	36972
28674	37059
29918	33663
27288	36354
28253	34172
27396	35321
27353	36810
26711	35713
27111	34679
26977	38377
28212	36545
26117	32669
24561	34363
26958	35422
24809	36092
29912	35048
31603	32173
24915	38937
25249	36400
26516	37545
26367	32244
30897	33579
27995	36447
25819	36009
31071	34522
30619	38866
29277	34729
30140	34851
26511	32270
31717	35784
30027	35140
29521	36399
28424	32962
31813	37224
29079	34896
26471	37339
27443	33552
24860	37473
30369	35497
31189	38904
29809	35013
28456	36961
26058	39301
29298	35050
29789	38994
30471	36682
31804	32684
29141	36667
26209	32044
26393	38309
26002	36553
29662	37268
24027	38029
31306	39327
29463	35621
25172	38854
28062	36315
24165	37189
24490	35935
29287	39537
27263	37901
26307	37280
31051	34750
26230	38504
29940	33659
26285	38913
25717	36875
29871	36807
25384	32675
26631	38766
28959	31950
27012	34704
25082	34115
30213	37505
27073	39250
24920	39369
28203	32165
29137	37619
25023	32981
31685	32550
26082	36024
27110	32896
30876	32593
25493	32221
30551	35458
24529	34018
31634	37917
25857	36478
26024	32857
28912	33085
31705	32433
25015	36119
27369	35777
27427	33136
30386	39532
28991	34810
26474	34219
24300	35427
27665	34171
29730	38553
27231	35005
27444	33063
30702	31927
26225	36243
31212	34348
27994	34670
27358	33892
28729	37689
29559	35041
24151	34222
27209	38111
26588	32088
26615	32409
25472	37933
29101	33292
27169	35252
26891	36546
29012	32722
31410	38875
27397	36819
25552	37415
27431	36118
30775	36460
28618	33297
28507	35639
30400	39071
26055	38054
28264	33777
31600	38575
27574	38135
28834	36309
26724	32296
31510	38072
28551	38173
31684	35207
29100	38107
29866	35246
27467	38106
28812	34842
27946	36248
31261	34677
31610	36317
27611	36901
29442	36058
28725	39215
24449	34478
25712	39219
26481	33342
30469	32319
26867	38699
25911	37758
25733	32014
24121	34576
27800	32113
25255	35429
28159	33288
24167	32701
30968	33496
24435	32943
24737	35127
30582	35878
24724	34837
24443	37856
30639	39389
26502	34879
25991	37625
30269	34637
25599	34689
30711	34479
28503	35491
25040	33851
30237	36555
24750	34857
25027	32305
24917	33656
26093	36313
29851	34243
25463	37945
24950	38476
24997	34042
27587	32026
26805	36529
25846	39086
25038	33112
28095	31890
25119	36314
28897	35990
28925	39462
24095	34507
25100	35099
29952	31967
30801	32949
24696	38025
27393	36253
31202	33227
31080	39549
27208	39379
29035	35879
24472	32099
31277	34207
24559	37470
24061	33118
24254	38037
31143	36124
27502	33283
31631	38516
29557	33102
29501	38802
24785	32343
28348	38555
29090	34953
26190	32356
24003	37623
30165	33117
24729	37724
26009	35350
28034	39188
25511	36421
24581	39190
30301	36648
29443	39491
30622	35030
27456	32803
27503	32316
25165	39408
25739	35328
27472	37489
29229	32473
30366	36724
29872	39411
26954	32968
25842	38303
27728	32478
28936	32713
27036	38685
31236	36947
25766	37717
27897	37341
29217	38156
26494	33465
26030	32239
28561	37244
30416	36514
25546	34772
31133	32685
30086	33057
30997	35524
26809	33684
31694	38199
28497	36907
30730	34756
26265	33883
24989	34395
26116	34746
24835	36949
25256	38927
28344	35699
28930	34096
26540	34074
29356	37363
28150	36587
29512	32126
30459	39272
30708	39551
28108	32632
28752	38078
28315	33015
27672	32603
29860	37454
25626	32985
29584	38427
29702	38210
27971	36957
25219	37020
28055	34580
26686	35933
30421	34364
26937	32966
29923	38031
31767	33501
27463	33633
28601	33771
26520	38568
29863	36238
31307	36799
24399	38641
31498	35210
31762	36285
27589	33280
29648	32231
30016	34982
30124	35460
26308	37599
31489	39010
24434	31873
31110	34578
27355	35006
30729	37468
30254	33551
24251	33036
27973	36882
31796	32813
26203	35515
24199	37196
29934	38478
27939	36731
24480	33912
26720	32835
28857	33247
25884	32273
29129	37903
27057	34082
28469	37194
30849	39256
31760	38065
24422	33590
26551	39058
29848	35829
26096	36713
28649	37459
31527	33716
29820	35439
24748	36685
27459	36788
29534	39155
26466	32764
26532	39220
29228	34138
25152	32426
26740	34798
27688	31912
31471	34338
26152	32148
28296	39316
28712	33911
24698	36797
27347	36727
26142	33179
26418	33589
29961	33848
28000	32638
28565	38178
30356	37028
26749	35135
28542	36104
30020	35875
25722	32355
30461	37551
26057	31878
27212	35905
25571	38274
28366	34907
29151	33062
27873	39161
28814	33897
24442	31971
29621	34978
30285	37918
26075	37989
27714	35939
29138	37892
26232	38386
25661	38336
24613	39168
28525	39561
29658	38016
24188	37544
27257	35317
29326	38400
31454	37780
27952	39340
29231	37950
31107	36840
25142	35301
28305	37076
24345	34264
29088	38098
27485	35552
25154	38761
29065	33101
28364	32982
25064	33856
31090	33095
26717	36865
25964	33685
26628	33888
31404	33304
24393	39189
24697	37207
25383	36021
27584	36824
24044	34836
27238	34275
24845	36153
27673	39461
27193	39015
30343	39530
28019	32064
26433	34668
28583	34393
24881	32495
28658	35352
29187	35009
26278	36516
25921	37447
31702	35571
26960	39447
25831	39156
31177	33767
25230	33135
31257	37346
27126	38355
25804	33900
29762	39450
26069	39107
24652	37216
30818	38712
28088	38878
28945	33235
24005	37072
28121	38716
29126	39426
24500	35823
31039	33279
24626	36754
31342	33603
25612	33935
30901	32137
29670	39211
28334	38681
24857	38542
24648	33289
25418	38563
29399	35088
31526	35410
30815	34609
26586	34672
29202	32824
24522	37325
30814	32094
28705	36691
30082	38783
31187	39391
29759	37009
26930	36133
26398	33544
30667	38490
31560	32116
28651	33422
27941	32278
27359	32328
27072	35874
24324	38039
30136	35899
31435	38304
30495	34429
31275	34770
27514	38382
27002	34446
28005	35837
29475	35586
27960	35121
28743	36711
25887	34003
24488	39459
27183	32502
27634	33834
29710	32740
27304	37254
28543	36387
26060	37088
24338	38584
30318	37628
31124	37406
26305	38536
28526	33001
24184	32762
31451	35444
26581	36390
31443	37805
27298	34079
24644	39234
30197	35869
28488	37008
24387	33150
26803	35722
27211	38805
28342	35405
28958	35579
24896	31818
26557	31825
28350	39493
27682	35366
29777	35339
26822	37105
29640	32755
27038	32522
25580	38317
26672	31894
25770	36703
25944	33294
24980	38655
29469	35519
28302	38882
26469	35394
25353	34605
27176	33635
25628	38027
29987	36245
28643	32734
25435	36798
25083	39401
25490	34969
30929	31882
26006	33377
30420	37057
27422	35459
24602	34336
26806	35245
26124	31960
25837	35389
25456	39191
27550	35616
24078	35209
25278	37781
29819	33159
27624	37561
31450	39045
26533	35024
26395	39278
25092	35206
31293	38244
28148	38250
25688	33400
28166	39004
29426	38432
29868	33822
25068	35911
29157	33390
29519	35047
26905	35103
26600	38678
28109	36512
29517	32575
30377	38605
29720	38855
31093	35055
31300	36145
25784	37394
29154	37204
26397	38782
25327	39151
31089	34001
29344	31846
28276	38518
24560	36242
25914	35268
26729	35529
29252	37776
28517	39243
29109	37096
25902	36276
30585	35025
27135	38579
26404	35592
25588	33161
26921	38234
25269	36281
28322	39347
27332	34326
28119	32622
26898	36051
24590	35286
31469	38512
26186	34838
25196	35292
31184	37383
26085	37192
25400	34551
24880	37571
29000	34164
30226	37400
27563	32932
25586	34878
30772	37434
31467	38348
28468	38857
28352	34083
30669	37744
24512	32735
25667	33871
24108	35220
25796	38237
24554	33669
30032	37370
28304	33217
31626	35010
25662	35981
25745	35378
31642	36436
27477	37519
24135	37608
25010	37451
31111	38007
28902	39261
26217	37460
30926	38974
25271	35710
30577	37318
24901	34495
24524	38322
30025	35527
26635	37273
27540	38653
28708	32652
27914	34981
26246	38847
26651	32226
29043	32091
28838	33034
30942	37606
24848	32547
26692	32826
26706	35729
24385	37615
25045	32425
26074	32790
28606	33486
28340	33165
30842	38114
26665	34955
29603	37257
24048	33727
25484	36659
24646	38742
28523	38839
31744	33127
24410	35595
30313	32434
28244	39127
26503	36826
26019	35562
28736	34481
26266	34092
31083	37984
31777	35600
31491	35669
24153	38751
26831	32397
24959	34211
24396	32102
28226	34765
26078	35789
30592	32668
25918	39270
25477	32074
29834	39475
31809	38406
26089	36924
27997	39415
30001	38161
30554	32413
24668	34976
28069	34347
24610	33529
31249	34368
24677	38617
31005	37581
26072	35237
28351	32779
30011	33162
27981	36316
31615	34665
27622	35337
30080	37928
24944	32867
28556	32559
29244	33214
27278	37542
28306	34675
30833	38224
29032	36561
30680	32402
31391	34480
28907	33407
24455	31956
31463	31982
29497	39361
27179	33205
27645	32453
25553	34494
30156	34871
25660	36372
31604	33171
24568	37181
26871	32110
24594	37814
26247	38829
24036	34285
27465	33212
27028	38059
29646	36872
26507	33410
28435	31994
27170	37163
28430	36493
30381	37685
31729	32138
25512	38022
24325	32020
28762	32584
26771	35149
25286	36766
24103	33199
26559	36163
27311	35930
29026	34884
25736	32090
28759	36194
31436	31864
27296	32812
28224	39280
30153	36122
24241	32934
27030	34112
29665	37296
29900	35022
30685	34472
31282	32093
26415	38499
25814	37800
24736	34319
30661	31976
25086	39231
27829	35625
30317	33145
29739	36420
30427	36544
26878	33447
27565	33774
28738	32061
25487	35972
25019	36836
28866	32154
26745	37618
28032	35479
31721	32543
31407	33793
28051	33005
24398	35542
30060	34147
28587	36640
26618	36338
28336	32243
30453	34118
29829	37899
31384	37508
31584	37340
26388	36174
25125	39109
25718	35490
25501	38888
29998	35113
26165	35916
28026	32006
30839	37752
25953	39287
24448	32030
27338	32077
26025	39501
25419	33650
26482	36916
25242	32285
25910	38045
28827	36337
30827	35176
28593	36844
31058	33583
26321	34120
29699	35564
26673	32486
24503	39409
31171	37018
27945	33428
28917	37213
30023	39212
29932	36452
31351	37228
27191	36438
24536	38464
30051	37513
30059	35118
26134	32013
31800	34305
28017	38669
24161	39309
31753	37379
24510	35934
24598	36767
25942	37185
26080	38993
29539	34776
24683	36758
28085	38233
28612	34922
24765	31900
29174	32570
26045	37574
29595	37037
28157	39416
30015	36150
25609	31908
26992	33381
26214	34920
29781	37826
29312	35035
31782	34094
24545	37045
29607	38756
29683	33722
28748	37463
26885	32420
29066	37653
26880	35053
25423	34777
30424	33156
27059	33773
27885	36604
28977	31862
27133	36155
30914	36723
25174	36187
29541	33686
27349	33111
26038	34199
27011	37047
25246	38578
26077	36128
31270	34134
30361	32444
25615	36494
29822	32461
25527	34787
31785	35778
30979	35154
24267	34710
29637	36074
27001	36359
27585	33970
30282	38364
30699	31868
29420	34661
30096	35483
31546	35576
28529	36473
29935	32750
24255	32991
30296	35614
28662	32737
24332	38255
29246	37393
29365	36960
31023	37968
25769	32087
25184	35434
27069	37947
25503	37431
27658	38564
26336	34095
25113	35745
28389	35185
28029	34024
31346	32948
28969	37718
26883	37333
29314	35464
30106	33598
30755	37183
29074	39291
26419	33004
26443	34195
27260	37373
27104	35299
27247	36695
26988	39247
24558	37563
24628	34546
31068	38475
25871	35840
24401	31875
29272	34991
25760	35151
30275	32184
26764	36771
26765	35658
30090	37986
31473	37825
30517	38369
25514	32304
25536	37331
26083	35708
25817	37868
25708	39119
30655	31854
26743	33622
24670	39540
24216	35172
31114	32521
24198	33613
24034	34850
25683	32281
25906	32451
30235	31889
26420	36822
27641	36653
31106	34817
31591	35034
25611	39047
29869	35893
27051	33940
24635	32551
26034	35380
31373	35159
25129	36629
26798	35549
31360	32490
24538	34556
29849	34194
27083	35732
24204	37511
25029	32276
26575	32446
30908	36327
25422	32855
25604	34145
25185	34713
26709	38402
26128	37515
28217	35523
28530	35416
27049	32890
31619	32923
30503	33951
25474	39002
30470	38747
31704	39544
24042	38385
28817	39067
28557	35471
26829	36255
25673	36106
30009	37580
31737	37104
25566	38661
28415	33317
26907	33862
29188	39171
28987	39431
26747	33958
30017	36632
25089	33234
29395	38296
25873	36712
24252	36714
24046	35638
27284	32744
25985	36511
28378	33262
24362	34182
29546	39090
26713	36983
26757	36329
30763	37099
28641	34474
24084	31860
29340	35629
28903	35373
26718	32458
31060	35557
24674	35821
30031	37692
30602	39445
30186	37884
28983	37253
30433	38909
26036	38607
29792	36183
27726	38349
31196	32452
30462	33332
31253	32293
31059	36138
26760	36458
26513	35042
28918	34830
27648	37932
28171	32443
30092	32683
28016	32710
27312	37885
28323	32538
26035	36502
24570	37934
25117	32742
26962	36868
25659	38977
25903	33091
31425	34403
25320	34163
29189	34970
30446	36700
29613	37893
29349	35637
26733	34196
24196	39584
29186	35160
27732	36599
27204	37323
27636	32578
27808	32738
26239	35872
30232	38188
30478	39367
28141	32908
31326	37905
24417	34008
28431	33271
26791	38103
26345	31996
31301	37343
31191	36666
30629	39214
26091	37998
25024	37642
30482	39425
26145	35743
25850	33313
28776	33921
28461	37205
26459	32129
27037	36107
24853	37282
24571	32893
29549	33488
25150	35636
26221	38497
30166	37476
30276	37170
25720	37587
31365	39517
26359	36778
25258	36295
30854	32571
25425	37209
30159	33688
28409	32120
25406	35937
24203	34313
27900	39378
25704	38604
29536	39237
27475	37413
29814	37362
25880	37156
31755	35413
28301	32624
31063	33738
26245	37305
27713	33472
29410	37288
31562	33527
30861	36200
25407	34712
28362	38363
24623	32065
24550	33107
26855	32599
28406	35049
26065	35866
24803	33273
28168	38036
27894	34421
28418	34174
24086	33157
25974	37620
30692	32464
29278	37210
24174	38908
24986	38658
29270	33421
31486	37659
25606	32919
27796	32083
28619	37358
27559	35598
28335	32748
24650	38005
29629	38730
25126	38953
29691	34075
25938	32373
27411	33696
30042	35765
26153	36198
24645	39147
29507	35278
27004	32100
29382	38083
28981	36843
28373	37164
24344	35153
28668	36401
26004	33426
27922	35779
31094	33302
26644	33859
30744	33308
24364	39574
31460	33682
26216	33542
25340	33615
26185	37792
28476	37433
29845	39402
24515	33737
24205	35225
30300	36275
24701	39295
24031	32054
27379	35548
27522	39442
25805	39096
26076	34315
24257	34986
26373	36519
28753	33233
29725	33875
25168	39460
29454	38893
29813	38238
28989	39488
25388	34568
27923	32711
29276	38737
24093	33882
26099	37557
31376	35885
30972	36861
25134	33170
29033	37260
26601	33133
25336	37124
27264	36195
31541	38514
31806	34471
31389	33752
27724	38804
25994	33932
31238	38264
27721	37629
31763	34144
29695	37596
29500	35304
26797	35243
30656	39266
27316	32657
26161	37173
30249	33236
28118	38836
25047	37091
25163	34832
26842	37329
24963	32728
31142	33006
25613	32071
26008	37356
30323	35565
29966	36056
31787	33717
27127	39354
27818	35617
25224	39065
27532	32339
24111	32422
25737	38799
25301	38230
24604	39330
29011	31977
29133	36821
29796	35058
30308	39131
29460	36815
27998	33930
24049	35653
27836	35910
26697	36501
29703	32085
28099	37312
24660	35841
24168	37509
29722	35633
27569	33733
30354	37377
30982	35203
25177	35216
25932	33807
30473	35431
26115	38306
27348	32238
30066	36265
25782	32810
29034	36286
24904	37429
28690	31887
27595	35776
30896	36649
27439	36384
24379	37818
30442	38261
25392	33855
28829	34456
24941	34410
31328	33325
26295	32625
28547	38117
25077	32067
24706	37422
26027	32277
31379	38047
26862	37242
26574	39521
31524	33284
25377	33916
24035	32828
29907	33547
26107	34864
25551	35561
30109	37698
28886	37089
28385	36061
28282	32836
26646	35400
29486	38368
25989	35071
26630	36881
31018	36041
28292	31855
31129	35687
25452	32545
28313	35835
25986	37639
27285	33602
25789	34545
25990	38550
29225	32947
24432	32417
31043	37115
30228	33256
25429	36896
24641	39356
31789	33056
28114	38155
25495	36294
28154	39159
30091	36812
28009	39267
28518	38637
27250	35452
30787	32294
28671	38068
28254	36508
27709	37052
28735	37572
30658	32412
26015	34412
24487	33132
25482	34274
28778	34159
27893	33648
25203	36900
30034	38168
25713	39296
29271	38562
26195	32814
27256	34730
30920	38665
28386	33434
28990	32760
31644	35231
27962	35707
27678	39160
29773	39382
24032	32772
28124	33492
25267	39203
24175	38462
29476	34722
24695	36487
31650	33959
31808	33874
24902	36366
27341	36598
30594	34715
29002	36071
28534	36994
27198	31915
24070	35303
31731	34732
27491	32854
24906	37716
29072	37389
25312	33910
28076	33514
31173	38760
28605	39032
25026	34547
31579	38525
27166	34017
24328	32727
27115	37811
28760	32242
28631	39496
24797	33778
30792	37425
27496	34939
28495	32975
25993	39299
28092	38492
24502	31995
30808	35678
25238	37026
24384	32440
27321	38840
26428	36838
30976	33728
24533	38469
29815	32557
25200	33563
29807	34928
29162	33473
28031	36102
25973	36178
25254	32455
24755	35545
30960	34657
31341	39125
30516	39433
28804	39089
29449	36001
25693	32822
29677	34324
31533	35936
28910	33039
24263	33106
25675	33142
26199	38868
30723	32260
26913	32263
27219	33609
31568	39294
28508	35857
24143	36087
31182	39216
26545	35293
29381	33781
25063	38798
25915	32160
29690	39364
29823	37864
29674	36912
31121	39118
31632	33394
28554	32983
28952	37003
31687	36977
27770	38076
27363	32706
31310	37833
24045	37617
25801	38024
24062	31849
25795	33110
27685	33463
31117	33202
29227	36948
31281	38934
27039	36985
28436	33890
25753	38559
27230	34662
31393	38703
24776	34066
30925	35754
28218	35609
29615	31958
28327	37635
30873	34251
31412	34869
27827	31981
27751	36269
28275	34378
26407	35670
30710	37613
24738	35166
27652	33572
29537	33557
30162	36814
28698	37475
30719	38311
29787	36690
27033	38925
30121	37736
30452	34205
28299	39454
29414	37540
28189	36013
29175	31883
30522	35083
28289	38566
25104	37973
25354	35136
30113	37549
24494	33998
24805	33011
31768	32869
30225	37733
24509	36520
28221	38710
28241	34146
26707	31938
29769	37522
31455	32969
30357	35134
24271	32546
28830	34053
30633	37700
27764	33469
31019	34852
28128	39091
24394	37360
25676	35004
28670	38453
25386	38600
27442	35703
24030	31975
27575	33355
24051	32070
24505	39346
29522	36130
29878	35180
24305	34026
29030	31961
27554	32101
24489	39222
26965	33464
30747	33816
26952	34186
27546	38035
27743	35700
26650	35021
24993	38815
28622	38732
24243	32034
25937	33013
25355	34899
30431	33295
30468	35867
29714	36736
27610	37798
31452	33010
31497	38806
25909	34170
31751	34278
31453	34872
31593	32237
24166	36181
24141	34320
29408	36615
28777	32604
25295	38343
29712	37232
31120	39468
27666	35500
28257	34311
29485	32952
25234	37277
31012	36699
27857	38401
28598	38951
24009	36190
30262	33683
26984	39363
27871	38202
29833	32183
29910	34841
25402	32928
28771	34049
27367	35688
24894	35995
27750	33600
27131	35742
24728	38434
27715	33660
24846	38762
24373	37979
29558	38147
25939	34027
24245	31874
26436	38267
26269	38649
27727	32730
30426	34577
29200	38116
31738	34373
29562	35914
25375	32686
30271	37953
30006	32057
27619	36158
29256	34726
26218	37493
30903	39221
25037	34240
27084	33449
28234	36084
26509	39072
29337	37710
31304	35941
28982	34652
28045	37531
24060	39421
26914	37016
30054	32623
28035	35468
31069	37386
29078	35715
28155	38999
27398	33766
26000	37227
29956	37539
29177	34330
28223	32682
25999	37345
24107	33059
29247	35116
30160	32581
29752	36083
28249	38567
30333	38527
28303	34221
29582	39184
30102	32845
29506	34447
25315	33798
27712	36069
31637	35262
26453	38310
30572	36086
29882	37154
25447	38765
25342	32909
30460	38860
24377	38125
26462	35971
26918	33565
26350	37177
30907	33619
28780	34279
25331	32210
31670	32391
28552	34526
26005	36159
24331	33637
28268	33076
28570	32272
25075	32511
26297	36082
31540	39320
25351	33360
30970	35184
25864	38880
28492	32612
30057	36244
31513	35630
24478	36854
27814	35355
24483	37827
26288	39138
31674	33933
26340	39499
27149	34007
25348	35199
25848	38055
25161	35284
28932	37117
24716	37407
25593	35333
30788	37753
26158	38791
28314	39533
24966	36112
31046	33020
28617	37101
26032	36739
30521	34974
28922	34518
31677	39366
25199	36062
25298	34411
28856	37583
29915	36678
24246	38268
28059	33427
30110	34097
28473	33443
26737	34414
24819	38517
27686	34999
24185	34889
30133	33991
30955	32336
25549	35887
25557	35137
25917	33680
24360	33953
31256	37552
30946	38942
26596	36017
26795	37140
26993	36383
26003	31834
24888	38849
27155	39166
31627	36085
31135	36132
29114	32640
25692	35746
24261	38298
29841	35469
30825	38973
30967	36284
27621	34703
31237	33878
26712	37412
24220	37237
27395	36412
31387	35795
26679	34445
27996	35345
29727	33068
27943	38357
25216	32199
26704	35157
26667	38754
30079	38831
27699	34337
27925	35011
31444	36476
24972	36189
30532	35943
26634	33348
31534	37335
28207	32166
31330	36341
25446	36396
25488	38190
26052	32313
27337	35449
29622	35718
29880	37238
31781	36149
24351	37705
29547	37492
27767	35033
31611	37959
27602	31942
27273	34764
28872	33264
31512	36406
26946	36923
31034	36005
30484	32072
26968	34892
24080	32516
28549	34306
25678	34822
25719	36591
30505	33060
24226	38095
27060	32388
26996	34470
25496	33440
24262	34995
28187	33796
27600	38625
26682	34564
25281	38297
27588	38986
28938	38746
24258	39380
27203	33952
28892	35062
24832	39193
30101	37131
24576	32471
28413	37408
24412	37684
28854	34231
29071	38373
25746	37795
29971	31816
28397	32821
29715	38759
28274	37881
29058	32438
25133	36672
26623	32430
28438	37957
31262	34579
26779	31970
24249	36344
25728	38246
29832	32288
24666	36455
31038	38208
24692	32401
31309	37746
25307	32123
30609	35543
24843	38013
27912	33104
24686	32749
25097	33512
27501	35036
28093	35912
24965	39500
26447	36077
24936	33296
27521	37294
29905	34016
24527	38387
26669	33754
28567	35131
28653	37218
25478	33186
27271	35440
25524	37835
26911	33550
26339	39011
31673	37221
27201	36817
30709	38067
27558	32470
30904	36608
25273	32018
24552	39029
24675	32556
31348	38443
25948	35645
30372	33460
28659	35620
28179	32708
25851	35093
30887	38725
31688	36809
24381	38435
26130	34887
26374	39453
30163	35336
31651	35987
28927	38493
26140	38796
29118	37821
31343	39374
25317	37285
27026	35433
31720	38571
26727	36647
26071	38139
25863	39230
24519	36765
24296	33077
29309	37279
26652	37084
28272	38159
31003	36802
27197	34303
30835	33263
31570	37384
30274	32033
25132	32607
26525	38043
24301	34954
28590	36353
26642	34496
31608	33843
28615	35594
31315	39593
28864	37678
28484	36592
30752	31905
24339	38001
27537	34154
29323	39075
24586	38440
30441	32569
26204	33203
27050	39101
27324	36219
27259	39414
30881	38573
31381	39035
25575	34957
29433	38011
27186	34383
29419	35106
29520	33334
25573	31920
27892	39253
29159	35772
28394	33367
31509	35226
26206	37609
25952	33591
31713	34829
26949	34826
28138	32084
29310	33750
30895	38379
27596	32809
30451	34409
31786	34369
27573	38200
30584	32585
27190	35227
31474	39062
24866	33869
24622	35833
30891	32056
31764	35895
25350	33222
27788	34763
28832	38932
28240	35659
30768	32406
25313	33459
27806	37844
28046	32058
27014	32815
27855	35061
25556	37861
27681	37307
31429	32352
27377	38320
31102	36950
29840	34937
30515	34784
31680	32177
28680	34643
27290	37439
25899	36790
27623	38764
25732	35409
24453	34367
26594	32725
24839	35489
27095	36482
27302	33681
25778	36108
29922	38144
27861	36414
29788	34909
26685	36757
25995	32700
24991	36829
28883	38356
28462	35078
29856	35985
27326	34695
28611	33386
29504	34072
29535	33984
29891	38931
28920	38418
31220	35109
27798	38423
30649	37687
25698	33483
28511	32230
24105	33825
28764	36405
29555	34688
25061	35980
24876	35546
31226	39066
29682	32614
31289	38154
25589	35728
31033	38729
28901	35063
25971	36860
24465	36698
25838	38431
27394	33956
30281	37430
27249	38594
31544	34977
30879	36144
28125	34720
26873	32530
30573	33382
27373	36622
30574	33621
24397	34886
27334	37000
24400	35296
26841	36395
30487	34796
25007	33931
30915	33566
26267	38554
31776	36728
24414	33610
27074	34435
29771	32392
26090	35672
24624	34155
24707	36803
31624	38028
30878	37990
27719	37234
31508	38470
30724	32883
25700	38222
25788	34523
30169	34127
28294	37742
27160	39305
25093	35371
30546	34846
24213	39279
30859	34198
31327	33543
30703	35968
25627	35281
28380	37962
27679	33995
28054	33216
26799	37889
25031	33070
26524	33192
29784	37269
31123	36687
31095	38183
31396	34078
28742	33208
28022	37756
25997	38691
28063	32505
27710	32731
30693	33078
24177	36261
26094	35183
27966	35898
24661	32329
29075	33835
30443	33790
25205	32953
26059	36877
28127	39217
31732	34417
31368	32465
25303	38203
27449	38968
26886	37803
31405	34738
28104	35068
26309	36708
30339	38380
24068	39076
29216	33887
26129	38138
26424	32888
29136	36413
24239	34945
26584	33701
24287	32561
25978	32860
31269	38325
25624	36992
30663	37477
31062	39028
27849	34941
30605	33824
29600	35264
28597	39502
28251	34413
28278	34013
28770	35783
24530	37420
25711	35169
29685	32714
25825	33954
25381	31885
29112	33513
31267	39041
26510	32649
25651	34794
29387	35504
24144	32421
28672	33396
28505	38082
31784	36369
28480	36871
29284	39268
25262	34107
24054	38149
25913	32986
25190	36737
26517	38856
29251	37252
28885	32672
24294	39396
30935	33058
29046	37432
30769	37783
28191	31968
25976	33886
29411	34898
31466	38276
24350	35798
26774	36542
30754	37802
26410	32863
25160	33780
31580	39317
27729	34510
26375	32249
24313	38935
27261	38129
28845	32787
26053	38686
26523	38781
24759	32972
29403	33689
25731	35475
28513	32124
25821	37902
27165	35348
28506	32743
24579	33204
31811	38614
31468	35267
26252	33625
25757	37822
28940	35031
26021	35442
28532	31848
27470	39229
28798	39110
25002	37816
31241	32289
25891	36852
31792	36525
28899	33994
25227	32456
31363	33065
28117	35443
24546	39051
27702	32327
25253	35982
29533	36445
24123	36148
31566	34352
29970	34448
31125	32153
25505	38223
28787	34590
26637	36975
27293	38502
26401	39204
24306	39329
28077	32804
27486	38741
30799	36620
24493	35228
26598	34359
28548	37730
25808	31853
24606	33968
24711	38433
25767	38667
26445	34680
28178	33072
27847	39104
27838	34506
26500	37342
28308	35832
27434	38467
28502	32460
25468	37612
26852	33713
25567	34358
29785	37136
