26294	27003
22860	35653
23622	32434
23290	37561
21427	29886
25364	26954
21965	27970
17445	37309
23822	30766
16968	36051
18276	33998
23475	34609
24210	32829
25771	29602
17033	33284
23817	36349
22453	33479
18397	28861
15379	38084
26053	36204
25066	35019
23499	27680
20256	33623
23207	27366
18779	27683
26034	28670
19744	30163
24865	28163
26236	27006
26266	29794
21782	32991
21271	29001
20415	27845
19490	35813
20034	33518
24275	28576
23598	35848
26831	36229
20583	38784
26529	30194
18043	38163
18797	34082
26636	36752
22472	35791
24004	31459
21690	30147
23788	28443
26073	38247
17534	27538
24088	32574
22398	31076
24061	29874
26657	30934
22783	35513
18469	35993
26599	27951
20561	34215
26880	27177
17795	35504
22358	37262
23692	38651
19601	34242
21807	34556
17762	34310
21761	38692
18352	31615
19277	37356
19772	34812
23131	37694
19975	29290
19677	35570
23550	38340
18846	30719
18835	33324
18697	29700
17079	33688
21136	31439
25531	30831
19638	36626
24263	28686
24050	32251
21908	32319
19766	28791
23070	28109
21507	33093
17632	36424
26598	31871
19259	38900
22651	30323
21075	28903
17867	37108
22795	36744
21705	28427
18675	30941
24837	35129
17602	38366
21176	33202
17916	32191
24054	28657
26074	37991
21129	29150
26133	35945
23206	28149
16251	36266
16210	28016
19205	33659
24799	36289
16117	38420
24734	33000
15636	37964
18027	34755
21534	31818
19070	31785
20713	29569
16516	34001
17184	30913
19705	35531
15419	35208
16460	38296
18965	26917
23237	27646
18606	33227
22751	33833
25836	38412
16336	34547
17982	28346
18986	29449
25216	34392
22230	32815
23194	32817
15651	34088
20080	29400
25746	35296
26099	37372
25464	35832
23440	36750
15780	34043
15454	31215
24212	30550
19361	33628
23548	37905
26585	28807
25857	31831
17188	28426
15961	28106
22581	33549
25371	37983
19061	31445
19074	37117
26357	35708
18003	31806
17101	38351
23934	34758
18599	36142
24284	37056
23328	38091
22403	37759
24308	30738
20877	33263
25516	29622
21425	27774
18768	33197
17190	29742
24347	38194
22495	31570
23277	28226
20436	29981
19008	30256
25413	37879
20490	34241
22052	29077
23560	36519
26821	35040
24506	33206
23119	37626
15919	30644
17483	29610
25630	27255
25369	36570
19502	37513
25341	28527
22347	29438
21131	30119
15137	31807
18562	35330
24482	31839
23472	36657
24916	29571
17753	38228
20003	30396
17620	36961
19015	37097
16404	26950
15480	27939
15800	30798
15002	27121
25755	27426
17331	32902
24810	35380
17243	35279
19873	38070
24543	29425
19413	33034
15745	29537
22355	29759
25179	38549
25043	30556
15624	33834
26473	37573
18935	33073
15233	35525
19127	35693
26277	36543
22469	31271
24402	35185
16665	29600
20906	38515
19042	38601
22885	36071
19071	37673
17614	30480
15145	28979
24836	37866
16143	37353
16148	36190
21854	38261
25613	32647
20072	34339
25796	28728
21656	34390
16565	34980
21680	32300
17536	27718
19019	37033
21214	27452
23344	37949
21036	33426
20685	31593
20629	28779
20221	30820
16858	29234
16449	30797
25280	36450
15160	37171
15023	36089
26090	34430
19266	36436
19095	35670
17362	29014
17180	34990
16409	28734
24933	29354
17796	37617
17278	38956
20263	33739
18044	29679
15913	34850
24040	35358
20219	31023
16436	32787
25042	37460
17438	32445
23662	32992
15531	29985
22848	35864
17922	27611
15748	35241
17063	31348
20679	27097
16785	38903
17494	34315
15801	28297
24400	37257
21364	32080
23851	36802
16686	33702
19168	33545
25847	28996
16556	37317
16242	31620
22670	29021
22494	37576
19256	35515
21220	26889
20812	28178
26854	33257
23821	31812
21916	32602
22463	38250
16914	30787
22252	31951
18587	37281
20307	38901
16292	32147
15761	37465
25023	32408
20923	38917
17710	34226
25479	38598
18514	38712
26552	38864
19565	36671
22955	32103
21610	38337
20828	30856
15809	34469
18498	27752
15258	36767
24955	32585
15567	29511
20905	31959
20631	37490
21345	35720
25170	29541
25086	28429
26674	32329
22759	35396
15082	28932
19450	37363
16366	35667
21505	27544
22320	38680
18209	33174
25097	36638
26542	36871
18379	33605
19191	38067
25765	33020
18046	36759
16843	31574
15790	37437
21607	27926
16989	32963
23105	28099
17012	37434
23935	27262
15185	32421
24441	29433
22519	29833
22354	32549
21592	37994
20773	33054
15954	36160
16030	35457
16571	34560
18118	29409
19105	37070
23885	27153
17681	31030
21760	34839
22948	36147
23247	27273
19374	26942
26475	33363
24807	35965
17823	35490
25158	34594
24515	30529
22781	38781
26129	28023
17099	31082
18162	30278
17841	29170
20337	34935
25428	27190
20305	33826
19442	32383
17201	28093
25701	33211
26623	35446
23383	28898
16942	30650
22515	28577
24434	27663
23028	26999
26538	33042
15989	27351
23684	29182
23939	32484
23097	28261
17644	28223
26848	29849
16081	36030
25951	29099
24903	33860
18249	32740
21841	27001
18399	28020
19161	27898
26338	34411
23769	34817
24407	30745
22895	33594
22567	35338
17428	37142
24260	32737
17095	37599
22650	28917
15680	31777
22360	27526
26406	34371
17424	29555
21398	29564
22964	33927
22135	38905
15369	35278
26809	30931
23044	30784
25729	37354
24213	32604
15578	27401
22537	31315
19219	33503
24928	37924
23215	35349
19487	35850
16761	36459
24340	35331
17903	33478
18559	35883
24128	36310
22115	36081
17649	30048
16506	34624
24658	38958
23516	31488
26535	38717
24747	32924
18113	38820
17787	32032
17175	32626
25861	30185
19445	32630
24863	38139
17692	29592
17570	36717
25524	38544
19084	31405
18994	31830
24010	27039
18783	33765
17232	27549
17322	38700
23507	32317
17383	36901
25307	33262
20872	32456
26700	32606
15760	28483
18282	27479
19881	28495
23115	34205
15609	31925
22632	35655
22923	37450
18838	27449
16011	32131
25241	33693
24736	34966
26367	32462
23646	38484
21856	28118
17936	29155
18424	37197
21823	34786
16035	37654
24002	37191
15431	33252
17131	28198
23891	38256
16675	32036
23984	34595
21043	30640
26672	29535
20140	37241
16177	34983
16868	32027
21759	35836
16406	35707
17488	38884
24091	38832
18419	35963
19369	36937
26601	34810
25915	33225
23204	27616
15995	27772
25528	26977
18781	37756
24252	33402
22017	34807
22073	35914
16842	38780
15166	37880
26310	38262
15990	32808
26429	36268
20856	36804
17305	29645
23249	33274
16919	33818
19437	30331
22936	27133
21491	37743
21035	33654
20878	35096
17075	37602
24432	30887
20338	29907
18560	31699
26228	35188
23658	35964
18250	27148
25545	37304
24310	34584
16226	33453
22044	29918
15907	38012
19660	38561
15644	29278
21339	36236
15825	36366
26259	32391
25538	30584
21263	37387
22304	33342
19747	29943
23048	28797
19643	34100
26127	38906
25200	29260
23002	33592
21219	37351
19347	33724
21791	36291
21878	29912
16906	28242
16472	34362
25160	31704
23793	27871
23907	27644
19530	32387
23372	37153
19989	28933
23525	36414
19541	33652
19461	28351
25696	37193
22464	32561
26752	37865
15072	32030
19635	28385
23258	37736
18754	34599
22757	32066
23205	37407
21638	27377
15918	31534
16612	38354
17560	37358
19743	37209
19122	34765
15715	36951
20197	27860
20270	27030
25866	31898
26177	33182
17444	30304
24187	38395
17229	34796
24977	35968
23644	36107
22276	31789
19874	29395
25052	35486
24079	27726
21752	34787
25698	35987
16671	34617
22744	33178
26764	35435
20660	31037
15391	36192
21013	27669
22222	27876
23879	31779
26514	37825
23267	27268
23782	27136
17798	34228
22743	31328
16490	29359
20391	34891
18616	37830
26142	27147
20150	28389
19063	33934
15849	31142
26408	35606
23061	34124
18493	30939
17350	37247
21834	33862
20748	34530
22274	38062
19505	35688
23286	32938
17884	33268
26521	32791
23729	37019
25115	27307
22547	30595
20029	32133
21381	32241
19980	30622
20942	30990
21116	34409
20853	30181
20944	27507
18495	34457
24363	28598
26149	28065
22058	28757
23348	36418
25383	32674
16263	28723
22877	37165
20927	31592
20546	34702
24664	33969
15402	37222
22047	37844
22899	29310
23444	29884
19699	27423
22181	27688
16165	33728
26379	30127
16028	35911
19269	36006
24410	27090
21365	31510
16286	32007
15196	37837
15100	37507
22738	33066
21842	37725
24042	27664
23994	33719
20471	34481
23551	36826
23905	31700
25475	26995
26555	33286
18248	36136
20509	27854
25842	32405
24946	32830
24059	31612
20108	31374
17018	34904
22517	33086
20320	30518
22409	29332
21022	33988
21182	37284
22945	28222
26520	35735
25373	35095
20388	29515
23331	32732
15256	35803
17042	36299
25111	33657
19102	32726
26311	35901
16867	38413
15720	34756
23073	30741
18665	34287
20194	33956
23128	30166
18216	27070
23381	29287
15679	32108
23148	38836
21259	32301
23167	36426
15198	29826
15728	36466
20423	30444
22153	35163
16387	28904
22874	34103
21809	32625
25001	32443
21191	35576
16978	30991
16432	35505
22592	36284
24209	29567
23242	29845
19581	37469
15116	35060
16850	28965
15539	38249
18325	35784
24199	33336
19560	29587
25297	27137
17529	33114
18911	37971
15207	37565
20654	38751
16161	36989
17674	36720
23055	34429
21355	37606
21549	38219
24474	36655
25053	34976
15533	29729
23887	32563
18502	30419
18798	36542
24832	36209
18682	27874
18280	34692
24058	34360
22702	27311
22803	38063
23796	32194
18631	32665
22310	30560
17864	33326
23324	35867
23763	32971
26096	37231
21293	29048
18555	30053
18695	35128
25020	32141
15411	32686
22323	32070
21110	38777
18530	28789
26864	36292
19033	34253
26587	27516
19534	37129
26320	31716
17317	37149
17890	36088
22256	34017
23820	38429
25670	28653
22061	35588
25891	34255
23940	32255
15759	29410
23062	31788
20293	27805
26238	34036
22815	34961
26699	28562
20179	37452
16414	29458
23701	38943
19321	29427
24757	32934
22800	36548
26293	36096
17895	32015
23519	37907
22300	30365
22257	29065
21406	34734
19868	36682
20171	36440
18476	31761
21017	31354
20044	27117
16468	28907
22235	33687
16451	32334
15296	31922
16202	35265
22197	31545
26318	34343
16171	32491
15656	34986
16195	38044
24339	37522
20863	35394
17105	29213
23392	27956
26583	37532
23811	32915
15492	37888
19885	38289
19916	37848
24164	38909
25749	27202
16600	32202
22488	36843
20684	33814
22116	36408
22084	29032
15208	31174
25412	37267
23542	34144
25164	29837
23727	36773
26838	32095
21985	30620
16909	30484
21379	27458
18447	31428
25604	37245
15912	37703
23184	29593
24258	31974
16239	30086
18460	31196
19276	33537
24948	36654
23869	31019
25909	35404
18140	29025
26833	33534
25597	36036
22333	37611
24248	27253
19444	36352
22496	30590
17899	36800
18055	31004
19964	28578
19365	28361
19876	31358
20394	36585
24041	32794
18358	28682
15172	34169
23634	34420
26793	31884
20068	38407
24090	38069
18839	32426
23592	35143
23612	31337
22726	27832
21925	27407
20088	36835
25887	35481
15045	29208
17759	28679
21755	26982
21430	27261
21729	34259
24127	29251
15291	36278
22551	37347
16715	36715
21637	34220
22048	27234
24520	34018
15639	32128
19244	34249
24287	27417
21404	32611
18854	29314
21575	36925
19354	36243
16768	36974
19199	34916
17400	33565
17469	30349
22947	35372
23297	32166
16936	37567
23442	36407
23036	38414
18553	35205
18895	35448
22880	35912
18245	34608
17894	27134
22850	32096
25235	34487
18679	31112
26110	28534
18049	28161
26693	36530
16821	33858
19934	35263
21733	38127
24793	36295
20500	36342
16537	30608
20587	36606
22394	35771
21052	27889
26817	34150
25007	37978
23621	31606
23322	29856
19504	38792
17381	34372
15504	27767
18628	32368
19419	29439
19996	30757
22802	27960
22043	36809
17651	33431
21081	33805
23573	38727
21938	27543
21544	28186
20870	27884
23423	34270
17953	35227
18092	27954
20884	27480
25448	29577
20820	37279
16846	33010
17078	34784
16313	29313
21227	36838
19517	35685
15359	32270
23696	35190
17124	30857
15663	31487
16482	35805
18161	37543
24243	32208
17072	27022
21449	29378
17530	27122
15227	37087
20573	28043
16483	37431
23464	32752
15817	31185
17832	32581
17748	38379
17286	37288
15933	37882
20154	29660
15168	35432
21905	34413
21383	35840
18228	26927
26773	32801
25660	34954
22407	31701
21698	31392
23096	29955
23798	34943
20265	37379
19039	33585
15010	38314
21093	29545
25546	36743
24568	36515
19726	32862
24001	38752
25267	30359
23179	36435
24179	27290
26660	38799
25692	32857
26798	31769
21964	32932
21577	33024
25879	29370
23989	30870
19824	30475
24488	36069
25193	28701
21211	34771
20711	38445
21762	28491
25623	33618
25511	37316
21322	33777
23138	26908
20565	37668
23924	37249
19424	34132
15301	29940
24501	36631
25237	28949
26274	28825
17728	38666
24742	34090
24963	28424
24132	37692
26561	30843
20577	36959
22367	35470
15851	27318
18953	36573
17115	27076
24081	37032
18270	27237
21474	29748
19711	31895
15414	34496
16495	36539
19557	33166
24732	29834
21067	33599
20352	29737
25863	32280
25015	27240
24078	27656
21740	35223
22610	28210
26224	38092
24701	27655
15381	29201
25496	37852
15818	27005
18213	27913
17997	37119
20036	38865
22037	29109
26681	36318
25526	29620
15120	33923
19756	29857
21446	28129
25290	37571
21558	28910
19838	34188
23494	37693
20083	35766
23975	28625
19495	30315
25968	32034
25347	29056
23718	27678
22814	36848
23862	28604
21983	34837
21009	34151
20287	36869
18154	32003
21478	28010
15246	32130
19267	27075
23673	34290
17016	34668
20089	29169
25397	37554
20059	38286
23741	33063
20208	30970
22673	36995
18341	27806
24099	34051
23691	36265
16866	29528
22653	32957
15057	36365
23414	26939
23904	28105
25379	35985
16112	38559
25745	32392
20141	30555
17833	35479
15925	35302
18314	28104
16668	33039
26504	35621
22376	31771
21594	33240
25507	29698
20681	29994
26423	31040
24821	34341
20556	37505
20475	36346
20592	29066
20739	38541
17329	30611
18091	32025
25704	28187
25655	32804
26298	36010
20514	32906
17090	27703
18264	34991
15376	26972
16273	36887
18772	37349
18331	30909
16241	35866
23354	36547
23223	30004
26363	35548
16114	33972
19979	33875
20896	29775
19553	31325
23973	28269
15740	31530
23394	32769
25523	36491
17809	34262
15078	36364
24851	38719
15440	38205
16416	31123
15479	34783
17797	26981
16496	33471
25662	27232
26086	34207
16410	28307
24013	28408
17242	27912
15827	38478
15850	29387
23956	34782
21225	38955
16125	36975
17041	32287
17769	31820
18650	29920
21815	38841
25489	32704
16274	32786
17311	30035
18095	31390
18541	29606
22217	36727
22560	31209
16325	38333
21676	29640
17313	33948
24254	34840
24689	32539
21952	32444
15823	32528
16536	32364
15113	27609
26531	35498
17020	30814
25261	30778
23674	34629
21205	38043
23838	27856
20341	32256
18445	33029
23631	31089
22113	32204
25557	30647
20090	32658
18826	31715
24100	38686
24383	37113
15568	33205
15604	37418
26688	30438
17005	38184
18938	33082
15133	30788
20801	36060
25989	28698
19777	27264
16180	37278
25567	29211
24999	28905
26709	37375
23682	29900
16303	28641
17994	28101
16617	27155
24756	30354
26114	34258
21709	30435
18210	37917
15640	30202
20676	32970
17539	33905
25093	28450
19443	27947
20349	34418
22220	31109
15937	27430
20000	34570
19011	29498
21193	29584
15932	34427
19902	36724
24827	31070
20882	30609
25125	32209
16131	32874
19631	36782
17423	28357
25653	27734
24395	38169
16140	36392
22693	32882
16308	37632
15171	34263
23283	37721
16784	36711
23962	37925
24425	36788
21151	29854
23388	36806
15098	32631
22854	32137
23780	38525
25934	28787
21907	30264
22325	34906
19488	38670
20702	33343
16360	29687
23909	35896
24465	36388
19126	33246
22174	37936
17081	28162
20933	36846
19332	37220
26796	37182
15089	27540
20065	35981
20768	29101
20727	32548
22321	29057
17515	27483
15991	28244
18304	32541
18023	30868
15767	28490
15764	31861
22829	31206
25143	32907
22721	37030
25638	34415
17446	37111
26794	30251
22250	38572
15127	33601
26779	29532
15613	34842
19227	36097
19220	31180
15298	31928
19181	29551
26615	33662
15858	28122
16027	32883
18993	36332
24239	32980
22655	31967
22080	29616
17019	37294
15467	35032
16996	27428
22606	31480
24670	36998
17983	27473
24414	27477
20749	30196
17669	38277
18457	30295
16057	30299
19201	29296
15452	34137
25249	27973
17226	38324
15382	27892
18185	34936
22620	30509
25918	32683
18339	38814
20082	35191
20736	34084
18116	30137
18660	38833
17210	36672
16174	38358
24679	30216
23867	28692
23454	38332
23294	37894
16488	38290
23281	30285
17619	32892
25406	29753
18513	33411
17208	29709
22681	33924
15254	30830
26087	27760
18206	29196
21203	27224
25255	34423
20564	29653
23045	28030
21570	27816
23300	34309
17733	27662
22999	36864
22579	37236
16058	27747
22042	31795
15835	28075
19072	33940
15950	33553
25400	37517
16196	31333
24975	35427
17040	27903
21684	35719
23209	35682
21525	33697
26419	31448
22328	29663
18471	32440
26337	34394
18746	31350
20982	34964
22457	35478
19632	35651
16649	32586
17468	28748
23176	32073
25997	33306
21535	30842
20040	35559
21940	37787
26759	30676
22782	29788
24406	29975
20290	31641
19140	36973
22309	30567
26781	30240
26497	37155
25907	36810
25061	33631
19762	34097
19198	35051
17845	35780
23000	38272
22833	32489
23618	29394
16721	30947
21160	36285
21108	34440
21133	27276
25000	32597
17160	29934
20513	36172
26405	28262
23959	38879
16888	33851
19926	34087
26715	35782
20822	35203
19528	31901
16203	38401
24361	29073
25104	29396
18394	28002
15635	35224
16728	31709
26117	33137
23784	31160
24170	35016
15942	36920
16253	33872
17886	28145
24596	33978
23468	30925
23375	38853
26434	37046
19673	34296
15076	38798
22484	32314
24862	31506
15260	37392
24156	34648
24860	29523
24012	31984
24479	29373
22766	37761
22683	28697
20019	29690
24366	27753
25301	34227
26356	28073
21042	30881
26843	30344
23136	29938
24594	35818
22388	38208
15860	27826
26451	32562
19319	33937
19912	27528
16033	34232
22508	37409
15722	38834
22467	36138
20708	29581
17975	33954
15535	34729
20308	27501
17643	30594
16572	37627
19359	27653
21445	38576
26118	30546
24123	37022
16829	29092
18285	32877
17309	32552
26862	27637
24966	29752
16423	30198
25661	35295
16636	28084
22405	34214
20253	36962
20770	38382
15013	34086
21725	38393
21139	30959
18284	35055
20659	33690
26844	38504
15955	31799
17825	31342
22169	36517
18794	36311
25750	28503
26172	31394
15911	34739
16740	27161
22145	32446
21704	27985
18265	37895
19831	31932
15630	38052
24855	31179
24945	27489
16419	35869
22420	32458
17717	36487
16877	29002
16393	30096
20732	28565
23175	35098
25598	36544
25208	27432
21213	34666
15179	28107
24033	37089
17946	29188
20176	37453
22842	31302
25376	35733
26373	37271
19024	36062
19373	33901
25648	31291
19466	29906
20045	27201
15456	36452
24815	35277
20541	28733
15622	30330
20282	29996
20855	33547
16026	29089
22244	29162
17298	30433
26249	27464
22858	37295
25873	38345
25008	38039
22119	32774
26810	31625
26162	29052
15797	32185
22305	35289
19222	27976
20218	33161
16377	27561
22090	37551
15983	38260
26158	28238
25082	29061
25027	31024
15017	36099
25971	34927
15123	27241
18928	34803
15038	36133
24138	32188
18198	35041
16553	31042
22852	35523
25312	33011
18429	36834
16860	29946
26758	38677
24471	32925
26109	30391
18633	28140
16738	36938
24759	31960
24890	29813
20239	38725
24637	29497
18766	35758
24399	29560
16475	30782
18629	28233
19278	27628
24841	28433
21099	27450
26627	33660
19158	27182
18517	38624
19431	34403
25101	36699
20430	35926
15202	33371
24157	30343
16551	28986
24021	38654
23886	37130
16770	30310
25166	37376
19815	35242
23160	36091
19099	37835
19592	37102
24120	34792
23371	33163
22674	32093
19239	27948
22720	38939
16004	38553
17370	29711
21998	32171
24503	33480
20867	27444
25396	35370
21292	36254
16824	38154
18333	37364
21873	28402
25029	35925
22417	28537
23610	37990
21343	32784
26737	38100
21305	28228
26586	33037
25665	35221
24688	28331
22768	37088
23953	27993
26828	31087
17889	32583
22514	27601
16493	38655
15352	34221
19637	36460
17596	32366
26164	31107
25963	33153
17656	32149
22575	27566
16070	36134
15389	35467
25833	31991
19417	28882
25975	36988
20284	37323
23866	36135
20946	38705
16293	32433
24082	33883
24586	35355
15962	33784
20706	36730
26750	35053
16585	33961
19995	38633
15591	29976
22516	28215
18915	35846
17666	37446
16385	28997
17410	35700
22913	27739
18470	28532
22734	34710
23216	30726
18218	31720
15837	34212
21183	31645
26488	29462
16826	38630
24765	31370
18544	35886
16055	35675
22976	30956
21141	37921
24804	34830
19959	31950
20704	29358
24025	32396
17161	34933
18193	30861
17611	38818
23302	38805
17658	36219
26353	38094
15036	28730
22540	33217
16917	37343
20481	30006
22074	29432
15152	30855
26822	29689
17279	27242
24846	29244
22356	33642
24389	35648
22642	27785
23164	27636
26321	37874
23449	31156
25021	28070
21240	38493
23111	35947
15865	36541
17241	27999
20797	38555
26812	34982
25505	29799
23250	32974
24758	35590
21411	28786
18644	36431
20538	30200
24729	28126
15458	32316
18955	31794
21169	36723
25250	33092
26272	32921
15652	35321
17006	27880
25010	38176
15290	28823
21523	32042
20262	37822
19337	35676
24868	31697
18700	31686
18958	33965
24663	29183
17517	28519
22006	38362
18732	36900
23553	36465
16486	28227
18180	37562
24055	30308
17213	32216
18864	35099
16009	32422
16243	35024
22511	35386
15488	35033
16856	37970
22199	36865
19165	29363
23421	32796
21661	32078
19569	38311
23493	37190
18750	31137
19339	27846
26211	37026
17908	36768
26849	32545
20786	31191
16418	31431
15551	31310
20774	29198
21663	31926
18117	27138
18810	36416
25962	35701
19857	27087
18896	31202
21958	37808
24472	30651
22993	31808
25902	30981
18464	33269
18857	36132
23737	28548
20757	29216
17321	36015
16363	34715
25532	35817
15958	27086
18387	37497
17482	38733
23575	32812
23172	35674
15306	30305
15520	31275
19037	37797
24528	33749
15432	32680
19477	37103
21855	31320
26639	34559
15374	34284
23697	33939
22827	34992
19784	29406
19310	34622
23827	31690
24834	30826
15324	29785
15464	37094
24393	38787
22049	31550
20627	36422
20930	29824
15570	31129
18011	28852
24819	34055
21568	27877
25824	31453
26845	32132
20709	38856
25864	28502
26593	29647
17705	34304
17186	34466
22754	32414
19208	33057
18078	31853
22491	35037
18961	33421
23094	31988
15153	34687
18860	27015
18233	33065
17502	35642
22438	28138
15695	30449
21597	34953
15313	34718
21832	30675
25251	29173
16275	32893
23434	31352
17633	30953
21954	30696
15939	33389
21098	35662
19908	36056
20912	31170
17920	36912
25472	38467
16547	26940
22558	33285
18087	30454
19346	27339
22124	31923
25952	33264
22399	27331
21480	30311
21890	38166
15114	31047
24375	35528
21685	37260
26317	27050
23647	36637
17126	26956
24687	31258
21747	31892
15286	35581
18574	28867
20102	36239
26682	28856
25708	35076
24544	32709
15225	38136
20112	34363
17714	28601
22813	33151
15587	33558
16823	34027
23427	35550
18307	31529
24195	38919
22439	38434
23046	38588
21803	35524
21045	33386
24142	29297
26605	38172
16097	28127
16487	28589
16021	31240
26724	30382
18395	29894
15599	33932
22839	26980
25072	30112
24934	27135
21283	37634
23445	37767
18929	36221
18792	32048
21969	38189
23660	29800
23026	30169
24649	38348
21066	35151
23899	31507
26403	29818
17238	35619
17528	36902
19834	30884
24983	30758
23803	34005
18367	35080
15064	33346
24261	31031
18680	29654
25923	32432
18997	36764
16396	36146
26314	29931
22106	37952
20085	29604
25993	38694
25306	38418
20209	35542
24564	37776
15747	36007
17257	33694
25995	35438
22271	37547
19759	32233
24394	38808
25076	32313
21753	30013
20025	34545
17265	34569
24976	30900
26492	34275
15620	28038
20276	27246
23495	37839
20645	34804
18933	32257
22559	37514
16446	35681
22211	29059
16277	28648
20945	30173
15594	34878
26676	33829
18275	31126
19952	30203
23361	29374
26673	37399
15882	28139
19051	35079
25382	34500
17413	33931
25744	36256
15967	32598
18775	30446
18845	36389
20032	27059
23775	31850
18346	31577
23330	38656
26493	32692
20948	35424
15811	34589
26486	36124
23580	29174
21980	28654
18085	34890
21764	33951
22686	35135
18957	31194
19988	29721
16835	28066
19722	34923
21306	37812
16530	28252
20965	35865
20364	27574
18645	29446
21504	37813
15272	28133
21636	35610
25867	36718
16662	32965
19246	34951
18730	33339
25435	31178
18422	36691
25361	32438
22822	27736
26281	27768
19080	35494
20796	28335
21765	34093
23469	29010
18524	37531
24124	28387
21164	31169
15020	33596
26412	36031
24110	30136
25723	36968
23562	28460
18241	29067
19584	38675
17038	36852
15280	35847
21576	30150
17719	35342
16089	37024
17635	28388
15077	33916
22039	32449
17138	27887
23613	31586
26445	33541
22779	38329
26545	33758
25651	29500
18673	34955
19849	37995
15853	38894
26478	29915
22741	36359
17727	38817
19156	33472
20601	29804
20993	33876
22671	36139
24726	29841
24073	33508
20039	32082
26151	37908
16799	32218
22634	34044
22706	36331
23772	32247
25299	30577
25392	37055
19910	27023
16664	34677
19147	26901
24030	38310
25502	28830
20217	33489
18862	33665
20449	34294
23129	36966
25390	29815
22193	37955
18080	29809
19226	35483
25342	33820
23590	38298
22414	33770
18296	31077
22178	38866
26223	27861
20981	36477
19308	37745
26220	33663
19075	32114
15190	38951
23159	29379
17349	28254
21612	31146
23492	38479
26857	37147
24876	28647
22476	38491
22458	29031
19663	35839
22740	33603
26524	29044
16046	37461
17034	37855
20775	37828
24051	35160
23323	31312
18103	37068
16470	27829
24577	34279
18611	29893
21316	33198
25398	28853
25336	37311
15231	32436
22600	31845
23197	31014
18724	32696
26300	31737
24019	34311
23230	37550
15603	32217
26092	30486
26371	38458
26042	30403
19987	31725
15812	35625
26174	29344
23528	29338
16642	34117
19455	38748
23225	37775
15283	31748
18788	33610
20668	35280
24241	30780
15969	29385
19010	33275
18203	36102
18315	27317
15375	35526
21243	27367
18332	33950
19353	32102
17684	30313
22449	31532
19833	37601
15981	37642
23490	30790
25152	29578
16525	35583
22179	33255
22180	31856
26033	26965
20067	36439
17853	34034
24282	29236
19991	30445
16324	29311
16964	32312
23669	32619
22086	32760
16932	28291
15167	36812
17827	32358
20700	32930
18483	38565
15104	28819
23287	36269
15734	34116
15526	38028
25087	28782
19154	27686
26146	31183
19079	35061
15199	38170
20195	34521
16745	27497
25195	27025
17177	31396
25211	32895
21231	28217
21353	31062
24717	34645
18456	27053
17663	28802
22421	31817
24169	38582
20478	35992
17477	38560
20523	31868
22875	27080
17335	30079
16260	32293
18274	34147
20907	38750
24685	38676
22908	29448
15024	30057
15705	38419
17820	35924
23089	32165
21342	36410
16596	31724
17382	29736
22771	34458
17029	33773
17061	34541
24583	30404
19388	31860
24935	37425
15964	34791
22408	38269
20125	29046
16025	28167
19710	31212
17700	28964
24109	29680
25738	27244
19326	35000
16756	35687
20655	36382
17289	31072
24011	38114
20476	35907
19600	29982
25800	28691
23485	35575
23999	27584
18002	29013
24063	32672
21735	33581
25487	34437
19314	31816
20897	33733
18006	32546
16995	30218
23661	30254
15327	32866
20277	35743
21743	34298
15222	37875
17657	29390
20480	35392
25774	34909
22615	29328
16146	28195
21057	30488
15430	37253
24147	33318
24265	35312
15342	29674
22401	27670
16048	33075
23761	30632
19348	34932
23217	28638
16625	30318
24895	27374
21284	29027
25999	31336
25612	31548
24046	27751
16892	37269
19100	35889
25417	29521
19807	32005
15016	38959
22988	30943
15515	33351
17746	34157
25239	30019
23809	37482
25794	36125
26208	32755
23147	37183
24788	30375
19956	28327
24579	27200
16871	31246
15999	29958
23092	32197
23910	30371
25777	38942
23653	28552
17461	36171
21252	36524
15192	30386
18108	35999
17248	31703
25832	27729
16667	35122
23108	28465
22844	30649
23902	36667
18009	27659
23289	33407
23961	35868
21835	33982
18668	30293
21326	32335
17638	30471
16064	29538
19524	33769
17808	28699
25442	27065
20519	36196
15891	29740
19549	37620
15065	34984
16644	27577
15901	31242
22972	36377
15536	27108
20902	29609
16300	26899
16155	32146
21015	37324
23050	36279
20921	36523
22275	32322
18448	36954
15566	38389
22402	28717
18818	36957
23058	30061
23405	38334
26108	29308
26066	27858
24547	38754
18575	29220
19801	38058
20779	37789
17299	38826
25904	27027
23024	33447
26027	33483
25346	29341
19947	28295
25625	38562
19247	35093
22750	28451
16038	30345
21021	32949
20839	38846
21261	27287
23409	30525
19223	34843
21609	34387
16650	33490
18126	34542
24776	35684
23015	33487
21640	37682
24880	37765
20397	34882
24206	38498
24430	29588
20607	29664
25815	30453
25822	36814
16074	35563
23732	32339
25471	38319
20575	33393
16775	37439
26536	34779
15213	34237
23333	35293
21522	33096
24893	34517
19527	37076
19730	32207
24623	29572
18921	33303
26103	34446
16589	32519
24748	30309
15132	35952
22799	27197
21329	30050
16062	35748
26884	33703
16056	35441
25303	34860
18829	36643
21671	36270
22613	31295
17648	32447
17084	29049
17318	28076
20395	37569
15879	28265
18324	30690
16215	31334
15096	38718
19430	28462
15008	38099
24875	33261
22830	34805
21232	36662
16373	33874
24306	32143
22129	36420
20159	33519
25452	34836
15459	26958
21282	37796
23768	30815
16853	31008
23051	38763
19012	31859
17878	38810
24500	31106
20756	29747
21245	34217
21552	33232
20851	29508
16358	32074
23712	30522
19986	30508
24180	29478
25844	37248
19734	37666
20622	36437
20247	36873
25109	31166
22428	33385
23135	31255
24035	38510
25315	38121
17794	32727
17840	28025
16464	33958
21935	34535
21026	32649
15079	32309
18809	38851
25300	32500
21734	28128
26148	34698
16408	35697
19970	32667
15928	27809
18996	36488
16539	32378
25074	37126
16041	28752
23858	37164
20917	31299
15822	31056
20434	29948
16622	31378
20215	33281
15598	27439
20814	30599
22965	36163
26280	33455
21902	28083
23100	31410
23544	30977
19118	37100
23749	29030
16884	30001
21388	34785
26568	31983
15276	38604
17696	33571
22132	36754
22983	32116
19644	37963
22505	27252
24403	36347
15334	27345
22889	36398
26242	35603
26447	34671
23677	31022
20852	36469
17492	32282
21352	31804
25801	27213
16498	36822
25654	35527
24753	36894
16698	37557
17471	33413
23736	34058
15854	30094
21820	38116
22918	38209
16678	30051
19014	33817
25964	33910
21202	34950
20536	38697
26354	35694
23538	31571
19387	30390
21006	34585
24420	36055
17499	32464
15617	37527
26777	38929
26620	34832
18880	36607
26824	27306
17452	36411
22826	28938
18898	27908
17584	33877
15493	37261
23801	36697
26825	36563
20136	26989
16108	31667
16561	32237
26663	29366
15856	38855
26252	33288
22460	30532
25085	32435
20407	30115
23944	38374
20563	30898
20303	34701
18545	30168
21817	30695
26738	37073
20379	38844
18923	29821
23880	38312
17157	29377
17862	32867
18687	36760
23642	37208
24965	32958
21866	37185
18434	31201
18601	38165
19132	36899
19526	37621
25862	34523
25474	33859
25458	32018
24401	28479
23517	30266
18861	37962
21896	36939
26772	34825
26491	36882
24724	34557
18130	36298
15277	34012
23883	35303
22903	37771
23896	38095
21944	27054
19429	37385
20060	32297
17342	36126
19077	34324
21264	36710
19312	37254
25309	28597
17272	37746
25337	38327
17897	38912
16129	35319
21864	32045
16569	33230
25792	37125
22762	35898
18836	27769
25530	34646
18964	38511
23456	29156
15270	30005
22953	33259
16272	37769
20316	37272
18477	36508
25212	31464
25841	37337
20610	31896
24295	27404
25586	31461
26044	32482
22163	31726
26035	29020
19922	27296
22500	31471
21218	34509
26014	32864
21078	29144
19931	31851
18710	31903
23259	33699
23552	37109
18947	31756
24907	30341
19340	34374
23569	30383
22204	38617
22552	38941
23238	30339
19984	38186
23978	30031
24121	38526
15285	28947
22797	32117
20824	28569
17215	30996
23818	28994
24912	34689
15904	36904
15650	37998
25960	29463
24152	37625
23889	33498
19452	33304
17060	38669
17621	38745
25329	29329
25162	34827
25720	31956
19533	27064
15255	28705
17709	32044
22334	27603
22806	34612
16297	36994
21879	31380
16261	28890
17312	27725
25248	30687
16658	37136
15249	31482
24783	28702
25370	32327
25609	34213
18244	36141
15910	29719
20580	38392
25742	36421
20041	27782
18405	30739
15689	37152
22418	31319
19125	30541
22377	33443
21869	30748
15461	33793
23366	29416
16851	33463
15997	35003
18988	34106
18407	27433
17573	29621
24421	38728
23010	30237
18412	30290
23124	36721
19500	31658
22045	28643
19920	29665
26547	32609
26088	34389
20608	33247
22747	32747
23358	34352
21145	33898
15631	28029
24286	27936
23529	33718
20862	34544
17715	37948
18718	37463
18327	27109
24509	35322
24565	31660
18741	31595
22380	34672
23125	29792
17393	31889
23545	36868
25095	36362
16371	31224
23182	28181
25521	33552
23955	28542
25966	29928
22290	37938
21122	31819
18991	38876
20458	31222
23991	35789
26517	31033
20289	38741
22259	28037
19629	36200
26097	36208
19946	37512
23473	31335
15349	28736
20096	37305
17197	37712
20671	37310
21787	38442
26867	29104
23451	32559
18992	38133
22386	37161
26757	28079
23747	30513
17875	28554
23951	27541
19929	36183
20369	32457
17493	29939
20376	29598
22884	28500
22346	29558
21550	37180
22277	30464
18186	33608
22922	29317
25416	35075
24789	37966
18937	27453
16563	28132
23714	30524
26795	34989
22144	34128
20758	33395
17514	35381
25493	30918
23826	36740
19016	38254
21255	31049
23645	27890
20735	33008
15657	29041
22381	30428
20992	38125
25843	31259
26262	30860
15699	34945
20170	34536
21745	36753
23713	31651
24611	37752
18785	35476
24708	29949
22200	32388
26400	27079
18815	28404
22139	31875
17198	37057
20701	31150
22926	34398
25016	29954
18499	27481
24700	32172
25210	31801
17741	33148
20689	37824
26328	34690
26288	38536
25014	36797
18648	30384
24426	32203
21945	28230
15753	27988
22176	36218
23720	33704
18157	32236
18894	34520
25691	29179
22255	32652
26375	37181
19060	29923
22564	35703
23927	32712
18086	29591
20871	36341
25343	36167
22312	29419
22109	36898
21484	34480
23020	35888
15281	31391
15297	30400
23244	30327
26789	30617
22306	37618
24130	30963
24605	27750
22492	35921
22150	36580
15219	31848
21828	31738
18905	38322
18709	32479
16103	28081
17652	35157
16500	31904
16034	38409
23373	27312
18115	27289
18165	31656
22914	32792
16831	27294
15333	32685
22529	32106
17572	29816
22950	29624
17133	38872
24716	36166
21702	32374
20919	31149
25732	37318
21246	30126
22371	35379
25835	27175
18465	29360
16974	28715
19193	33509
18539	36308
15351	35294
24108	37274
18801	29871
22832	37339
26047	28432
19993	38437
16402	27975
22595	28934
19860	32577
17569	28732
20813	36401
15129	37518
21634	32694
23210	32660
23974	35950
19279	28377
25666	37540
17902	35678
24211	34801
16065	31086
26342	34888
17282	32765
18743	30682
18820	29522
16178	28588
26443	34790
20380	28283
17776	34973
24666	36600
22094	33780
20137	33450
15704	34858
26282	34435
16149	31721
16599	37096
25123	29127
23585	30948
26869	33027
21583	37235
22639	37979
23266	36531
19670	36249
21719	27834
19106	28635
24328	36019
18188	31383
25730	36434
16223	37610
21781	35822
17412	31290
24182	37748
22539	34999
24333	35374
25922	36551
17968	32478
19381	37690
19046	35461
23576	36058
15968	36430
18625	32823
20843	34789
20545	29941
16555	31518
17816	37716
21513	31894
16104	32579
25490	29291
23274	27168
19978	28356
18897	37863
22902	32811
22900	36468
19998	34365
20973	34364
24281	38768
15206	32706
23808	29956
23269	32608
19616	30789
19925	30067
26179	36514
26233	32871
18051	31357
15560	28742
20212	30190
22834	29105
21509	38006
17295	30397
16043	32993
24461	29268
24191	35971
23452	31971
16417	36891
17943	32417
25110	29191
25555	36674
24932	33162
23359	28312
23847	28761
22480	28936
18867	33412
21018	38520
23526	31919
18576	27539
23484	31250
25517	28885
16005	33366
26023	31639
23086	33757
16611	37847
16247	27107
26265	30337
22665	32385
21433	27028
15953	37641
21758	32051
15091	38234
18833	36457
23065	36784
25617	38313
26472	37662
20520	33080
19422	29243
18796	38398
17273	38950
15302	37854
25355	33867
18158	31617
20435	34726
25155	37367
16240	35905
22582	27055
20043	37433
15600	37723
22231	34650
16672	31739
18533	27447
18510	31208
16455	38144
17352	35168
25991	27441
25657	37726
21770	31632
15498	35608
16278	27396
21432	33706
19300	38148
19768	27221
22697	31371
15330	28899
15194	36334
26490	28931
24705	35460
16367	33244
23067	36628
16921	38615
26012	28165
23171	38400
17394	36510
19286	33226
15155	36230
21050	36501
18507	29286
18649	27128
17420	33006
22573	33446
20452	37401
16845	29320
19971	28693
18973	27648
16067	35082
17810	37594
26578	32354
15793	37206
26279	30920
15151	36811
23923	34166
18359	28574
26116	32557
16380	29149
16747	38105
18350	31888
20787	36150
18657	33985
24323	30630
16878	35436
19921	34244
15502	30975
25697	31749
16299	31298
20677	38874
21867	29034
22002	28553
20274	36373
18640	37077
18372	28251
25757	29887
22742	34456
16445	30774
26540	36202
17954	38059
17634	29206
17765	32742
15771	28102
22364	29347
25375	30969
21395	38622
26250	29050
17567	28843
21580	38215
26721	34145
19054	27113
24740	28498
16859	30730
20743	37781
16670	37972
26089	33838
15491	27917
21113	28677
25116	38867
21177	34744
15947	34015
20976	37484
23921	32886
21829	28811
17925	38840
16163	35967
19272	31395
15900	31193
20790	37592
19090	27399
16502	33613
24428	34749
22530	31781
23152	31728
19245	38167
18215	33564
16744	33359
17944	28710
18959	34261
26154	29171
18579	29294
19551	38934
21156	30437
15540	30230
15592	37067
25814	31318
21414	36173
20457	38552
22031	30460
24764	27504
19177	32806
24416	29045
22077	33477
17928	31311
16227	34174
22605	32238
18729	38444
18672	28557
25945	26903
24988	28946
15345	29016
17706	33716
19449	31607
21646	36829
17837	31294
20248	28815
24378	34329
15433	33871
18099	32730
22066	35874
18033	33176
22214	27873
18527	28750
23211	29176
25078	32294
19391	35171
19327	36316
21228	28032
23841	31277
23467	38699
20346	37873
17044	31415
17200	38815
24469	34243
19604	30462
21990	34642
20962	32058
18716	35086
26882	36561
21315	32350
24302	37014
23016	32206
21512	27797
19732	38112
19572	33059
18580	27466
26782	31236
20844	27929
16224	33551
22243	29694
25950	29779
22916	35717
19828	33994
23609	32967
24923	34876
25046	28591
18059	32156
17725	31234
20005	37005
22165	34913
26816	31404
24681	32960
18632	35666
24427	30744
17739	28836
26147	35573
15847	28184
20358	33678
17293	32362
22688	32872
20834	30701
20703	33084
21748	33499
19382	36537
26028	26931
20658	37041
19242	33778
17486	29175
17398	29126
21005	37799
15441	32644
22361	30247
25559	33789
23315	36453
18827	34814
25881	35934
16391	37856
22578	28818
16399	28842
21562	27326
21123	27291
18076	35340
18919	28512
26727	28096
15872	35680
17857	34877
25456	36647
23686	27254
21373	32181
26062	36357
22172	31915
26471	28375
17524	32228
23203	28507
25592	36576
16763	36461
19751	35683
17467	34035
26608	29279
24518	30197
21596	38495
16754	32722
20663	36677
19113	33106
17855	35044
24056	38024
20017	35821
22935	29233
26264	27208
17723	31858
20991	27380
20491	28232
15238	27776
25570	37622
20400	32230
19723	30621
26464	32875
24103	29195
23030	33130
22175	27127
22502	29651
24264	31780
22294	28497
24656	35251
15880	27114
20013	35736
18832	32370
18889	28794
15557	27779
26720	28564
18893	30610
19307	36793
17962	38137
18227	28535
26010	33194
15708	34747
23212	27808
22685	27654
26851	35131
15581	35872
20763	36856
24067	38693
16832	29807
21396	29544
21721	27987
21503	30673
17636	28392
17425	31292
19149	35577
19869	38406
21926	33582
17268	33667
23486	32221
22142	33705
19471	37404
25228	27719
22470	28891
21391	30071
25591	28545
17565	37534
25495	28741
16549	30157
24183	29051
26003	36072
23220	31304
26422	33768
20697	35584
25218	33672
18531	34605
20840	30824
25515	36361
24630	32827
17373	37578
25243	33611
21956	32799
16238	33897
21173	35917
23987	33256
23947	35406
15902	32380
21853	38383
21574	38556
25013	35472
16949	34445
26036	29205
26436	26998
17917	26985
15758	30686
22279	33632
16881	36222
17264	38542
22397	27371
23001	34438
24351	32994
16311	28844
17056	32336
23144	28279
23742	29383
18410	35728
21360	27833
18568	27963
25388	33785
15150	34724
15181	30302
21647	30379
25615	38238
19415	37678
18255	37282
26234	37010
22871	31276
22548	37897
15643	38683
20331	27250
19218	34861
21995	34580
19000	30364
26123	37099
20297	36223
17496	36584
22103	36482
26216	38036
19253	31162
19877	31536
26344	31225
26823	33548
23659	34277
22014	38129
16751	29780
20829	33912
26322	35897
23537	37691
15481	29252
24931	32734
20810	31111
16184	29228
16232	36093
18856	35268
16459	38441
15159	28352
22608	35326
24825	35420
23636	32587
20205	36498
15289	28417
17199	35084
20255	37307
26387	29697
18978	33111
24507	27454
19188	29998
22050	31032
20028	33044
16879	33424
18404	30493
18040	31765
23483	28306
23155	33507
17965	36913
21350	35212
25359	34602
17325	31447
19068	33330
19832	30565
26389	32177
23895	27815
22863	32788
17730	28044
15130	33806
23301	37299
17339	31214
20312	30896
21297	35489
22241	37965
26582	38264
23318	27469
26501	28399
17403	33828
16099	29671
20952	38388
21529	31479
22998	38096
22621	27933
17718	29116
23721	34562
24540	28801
23116	32648
20598	38134
21221	34019
26818	36867
19228	31230
20949	27758
22431	35730
25659	27352
16279	27525
26420	37302
24590	35580
21972	29350
18340	38685
22612	35543
16115	33074
23667	36305
21265	28464
24119	38218
24255	27383
22343	32349
16797	31813
17310	29217
21249	34574
19182	30420
26107	36558
20286	27855
23391	30231
21374	30653
19633	36658
17937	38123
20662	33811
15914	32990
18706	37069
24563	37868
16306	27731
20119	30957
16113	27620
22991	31457
19344	37036
26180	30103
20117	33839
24514	38443
26652	28517
15067	32677
26076	33165
18865	29534
25776	31962
17173	35739
22730	38902
16368	32424
17368	36518
19844	33157
18462	32835
19608	32699
16201	27288
21420	33235
23403	37448
22614	34639
18722	32768
19590	35641
16020	27623
20940	27099
23925	30473
21736	34257
19578	35455
16492	27518
19510	27895
23501	27304
17992	28745
19798	36940
22637	36350
21618	32863
22649	29242
16997	31996
20789	27408
15058	31486
24801	38621
18748	30380
22019	28328
26754	31322
25758	31133
26600	31511
20860	33536
16550	33979
18906	38160
16160	30222
22366	27302
25069	37035
15721	38910
25506	27194
23594	38887
17475	30286
22378	37624
18871	31972
25788	30130
16345	35165
21547	27958
17480	28153
26273	31339
15507	32702
21155	27002
25454	27684
25285	37958
20888	37881
17275	34940
25827	29047
26125	30120
17627	34543
22712	31790
17489	34431
21452	33387
21280	34077
23308	31418
21401	38769
19568	27038
25277	38762
17507	33305
20544	32139
26839	29913
25986	31268
22840	29738
20147	30793
16620	28189
21727	28012
23832	38168
24298	33175
17603	36964
22536	29657
20989	35776
20866	28382
26444	29935
15183	29637
21363	35458
25501	32006
16822	29868
22893	34566
15552	35344
22661	27110
19254	32039
25130	28120
21911	29333
22550	30011
23681	33597
16777	36210
20420	27720
26385	30485
23746	37500
17159	31502
16708	36179
15404	34552
16233	35538
21288	35264
26533	33634
24930	32004
22208	29797
22062	38196
16570	38838
18515	35459
18899	29575
22941	27968
24437	38708
24794	37498
17969	34008
17822	30093
24829	33919
16729	31745
23282	37225
24625	38849
18676	30677
18442	31231
20826	35127
19265	36028
23854	27343
25467	31655
18172	31746
17251	36255
18723	33031
21875	28374
24193	27766
26173	28309
18888	35574
17781	36199
24077	35503
21560	28572
16361	30602
15959	31119
24225	30373
24690	28060
19954	32113
16629	32939
24228	34459
15119	28775
16390	30794
21871	30336
26765	37252
21658	37202
25890	36053
22591	31476
16094	33692
22796	38427
23078	38452
21799	28324
19982	26910
19207	33094
17416	31384
17209	33212
21301	37747
16767	37686
23479	34736
24146	33935
23127	33567
15971	36653
22498	37890
17548	35115
20527	34094
19497	34649
20273	35507
20854	36385
23153	31046
17811	29712
15832	31450
19202	37548
21447	28982
24712	38231
16350	29891
24468	35946
21639	33311
24772	28245
19571	28581
15425	34695
21601	35672
16372	32517
21032	35706
18392	36958
19366	38318
20825	35423
15941	27115
16961	28530
21399	30528
18291	27301
26130	28194
16956	33048
25840	33566
25461	36978
20234	34451
18500	30033
15278	34717
19438	38309
15979	31120
24971	31497
22724	31052
22359	30243
21863	36632
15686	30268
25974	34606
20278	33033
24899	27865
26669	28033
17304	33223
17558	27205
26170	36550
17167	30751
24561	31905
23260	28452
17616	29035
22365	28152
20399	33354
15397	29702
26048	30145
18698	29414
20628	27223
23134	35744
26377	31265
18146	32234
23478	29691
22206	31727
17732	34376
23752	34540
16424	36756
24452	31809
21178	34386
18910	27021
17214	37735
23012	37477
17114	28805
24550	35104
20641	38738
20326	27583
23110	32088
16110	38335
16780	26990
17457	35775
21281	33030
16790	36054
21939	35699
18016	29801
17227	27907
19641	34774
21514	37487
24313	33621
21121	35335
21215	32474
20222	36965
17647	31376
18166	32076
21593	37176
26506	35616
26001	30592
19580	36344
24884	28978
15141	37931
19535	35487
18659	28446
24202	38878
22046	27786
19333	31508
16504	34844
25664	36000
20223	30192
20530	29756
21565	31751
24335	31210
16608	32698
15852	34483
19261	29006
16746	30597
20891	33338
17568	38031
24864	28596
23579	32492
21848	36540
21056	27126
18223	37259
25183	29351
24849	36443
22804	31513
21975	29673
26394	32225
20602	35800
18295	31680
23616	27928
21114	27983
23420	34414
21981	37763
24231	29669
22482	28827
16305	36716
25693	27945
18110	28064
20737	30994
23221	29337
22644	28865
17747	34798
23190	28889
22705	29580
15982	29925
17120	35028
22067	27588
23224	30289
15282	31054
15109	26915
21492	32527
25957	32640
22574	27283
18551	29273
21802	38153
15616	33032
24562	35328
23245	35009
20165	33152
16692	31356
16068	34761
19240	30781
19457	34694
19390	38678
25459	31866
18337	31591
18543	34501
20264	31723
19094	34176
21617	26993
20955	29040
22177	27828
20548	29435
16702	27068
15996	36456
26009	35301
21171	34938
24153	34659
21891	35361
25710	38516
16205	35521
18712	37474
21486	28633
19718	36598
23296	27867
26815	36840
24502	30702
26332	28914
24404	30436
15245	37902
16425	35234
16337	32573
23231	35216
17307	27393
19155	29873
25259	31523
23488	31424
26462	37018
24089	35399
17083	31435
17699	37638
25763	35669
25275	33049
24831	34247
21094	32657
21423	37143
17760	35445
17561	31483
20983	30911
16861	34236
22879	37577
24797	28968
15427	35034
24233	35408
21628	34118
15393	36018
18125	28293
21912	30933
16473	37563
19257	38952
16778	36533
17566	30340
19800	32529
21613	38240
22443	30634
17057	34499
22624	37315
17750	28001
19839	36538
15751	28302
18139	36687
18963	29917
24906	30715
15436	32361
20707	37042
18473	32522
20755	28585
25898	37300
20791	32844
23091	33949
23090	34654
25291	34899
20426	29282
23757	29552
24869	28520
24277	37475
25063	30600
24245	34123
18132	33072
23606	29903
20688	37559
25871	38947
22737	35860
24446	29819
19448	37122
26396	27394
18529	32091
23364	37223
15138	37373
17687	31961
26253	35164
23248	31764
22748	37623
15601	29074
24219	38004
22240	36956
19851	36189
15275	35253
17429	36651
22471	33968
25628	30835
22663	37981
26641	37093
19197	28740
20873	31477
15845	33527
19850	32679
16183	31462
18975	27363
25268	27000
24505	38497
18990	32870
23437	38248
23033	37341
23406	28606
20678	35996
25602	28235
22437	28529
21397	37502
21986	28820
15778	27370
20913	35299
21250	29445
15218	38547
15247	32057
21488	37394
19345	29930
24839	35017
25941	37891
26382	37043
16199	29417
22553	32375
25851	37996
19410	35853
20807	34318
15988	27665
26232	30351
24292	27279
20382	31173
25585	36983
20570	32382
26055	27313
21440	34593
18071	38494
18487	38255
24833	33496
23655	36083
23123	27803
26607	29495
25619	32891
19814	30923
22586	36372
20505	34180
15462	32711
24126	27272
25019	35638
18301	31413
20953	35499
17792	35270
21633	38384
15115	31566
18396	32000
18389	28074
24768	36485
22788	36140
19536	27299
23009	37078
16838	36240
15092	37454
19453	30968
17817	34201
23122	35007
19830	30182
18808	29212
22894	27293
17435	31267
17080	26997
21175	37011
16095	33272
21858	32532
24951	27368
16739	35290
21531	32663
22477	37430
15209	28386
26566	32839
20838	37582
18252	35031
20832	27556
21545	38756
19509	30712
15368	27461
16147	34997
25483	34490
24721	29762
16153	34981
19909	34141
20334	36546
18475	37160
17330	27222
23018	36878
16415	30812
24186	37783
22934	30008
21556	38538
18451	33028
25142	35083
16577	37467
17346	35595
25121	30427
17434	28785
25118	27278
21254	37212
25176	30816
23186	30239
23535	33847
18969	38368
19420	34711
16998	31517
24984	32357
15524	31649
15844	31986
22898	30936
19854	33710
26458	38605
20908	31135
26140	35691
19356	36741
22092	28275
22063	31443
15406	38644
19667	30979
19358	28277
22703	30095
24422	28970
24203	28136
16317	28772
20243	38667
22316	33361
26558	33390
26679	34139
16680	28255
26574	33815
24014	31773
25542	37558
19009	38592
15541	31877
17039	33886
22138	35875
22684	36896
20522	28201
23968	36104
16886	31714
22961	38297
26386	32571
16567	27705
22583	35113
23376	35536
18348	36688
16049	32629
20406	27633
20206	32558
22357	33698
15806	31521
15522	32415
24597	37768
20947	33329
19048	35169
24531	33561
21102	36893
24381	38142
24683	30683
19098	31664
16248	31887
18926	31862
21880	32853
24486	38316
25858	28469
24352	37187
19661	35449
20496	29953
25258	38344
20360	27942
16398	33287
25305	29536
17440	36161
19521	38774
25600	34618
15873	38005
15700	38897
23710	28632
21793	34285
18760	33666
17919	27048
23628	35351
23563	33532
26744	32659
25050	34778
22382	30601
19771	28594
24694	37922
21410	37947
26352	35749
18652	38715
21302	28560
18546	35778
23158	37851
22853	30121
22242	31039
26079	31993
26767	30479
16185	31589
15563	28666
17256	33400
22196	29137
16558	32775
18583	38830
22447	28349
22105	31138
21065	31635
19539	33796
25509	30178
20468	38635
25581	32751
16977	26983
24044	26936
25568	32507
26212	29071
18869	28053
17359	33756
26063	38377
26425	32087
19311	35377
21127	36152
17158	36272
18581	29942
18398	30102
15654	37403
22486	27838
16725	34381
22793	32560
25071	30747
17155	27944
16093	34171
20363	27058
17932	38199
22723	34826
25676	37932
20377	37072
18436	33944
25332	27140
15714	38736
24532	35501
21699	27500
17066	37702
24787	31553
15577	33309
23561	36556
22258	29860
25363	38839
26664	38360
24980	29993
26346	29121
20656	38110
19006	31970
19440	38506
23192	35267
17559	28182
23435	37672
15339	35046
17990	30520
25055	27619
15857	31718
23252	27545
17786	33676
20594	26897
25775	26975
17377	35649
21320	34317
20245	37575
23992	36602
19887	34252
23908	35547
17290	27820
18945	30215
15670	33679
20691	33646
16958	28403
15948	32140
16950	36048
18654	30926
17144	31772
18089	31468
24556	27280
21349	34020
17707	30829
17164	32797
15343	29493
21502	29848
25944	30571
24332	38233
17609	28370
18114	38931
26176	29726
17885	36188
21325	32771
26032	33708
16244	37660
17774	31245
16106	33127
23083	38776
26621	36260
20114	27673
15701	34045
21888	32371
25781	37762
25091	29100
17479	35783
18211	33462
15332	28150
24589	28354
19727	27957
24909	32720
24672	34110
18073	36775
19034	29963
17948	35734
18892	29230
19853	28266
19562	33732
22468	27072
22758	33295
18015	29808
17679	38629
21554	36553
16817	30864
16188	28246
19086	27513
19316	38490
23243	34366
18123	29267
16509	36300
17231	32840
21751	34014
19393	38890
16544	37738
26785	33572
18747	29477
24603	29262
15796	27894
15265	27052
25767	33117
20023	32954
23145	36323
22003	34161
19619	31402
18759	31752
18365	36283
22571	33237
22187	30165
17629	32860
22780	34439
26692	38436
19081	31127
15509	33750
17106	35727
24364	38221
20895	30762
19983	35980
20196	35884
17207	28048
23922	31661
18181	35475
22946	34893
19398	31186
24785	28877
22593	30821
15750	27671
21669	34752
18569	29237
23074	30945
25984	33971
17977	37229
22857	35611
26786	35787
20357	28930
19236	34806
23770	34303
20175	31797
18658	34707
23676	36191
25556	34880
25150	33216
24117	28595
26196	36082
15897	30867
16849	34175
23890	38482
23397	36046
24390	29365
26041	31171
22764	34096
22635	34921
23572	38734
16258	34564
15279	38577
20470	35605
17505	33461
18904	29771
21611	28077
23419	34375
20241	30591
20931	34052
25298	33473
21087	33145
16707	34979
25083	38868
24057	37871
23856	28962
16674	36066
23960	26900
16334	27277
20489	35315
15548	38396
16052	34911
19904	32610
18258	29686
20288	32513
19485	35011
19341	32515
23670	30027
21344	33907
22051	33149
15014	31134
26886	36057
25821	34578
24173	30965
15965	38150
15638	30729
26205	31784
23920	37331
23295	26968
21384	33189
23003	36791
25294	31563
22311	38140
25735	35102
22805	35741
21730	32214
26826	37677
21999	32983
19958	33794
19713	28179
15881	29245
19855	37021
23875	28154
24722	29209
24896	31957
25715	34395
21455	34305
19806	36001
17111	36993
17284	35308
21242	30022
25848	32502
20375	38003
24221	34254
26651	36261
18147	38180
24601	26955
20585	31648
25880	32411
17854	36798
21437	28566
24936	32473
21929	30823
16910	34808
18205	35130
21317	30995
20582	38486
15666	35125
15259	32090
25263	31306
17306	38579
25039	32735
26448	30722
15410	37536
19083	28738
23756	36805
24190	32757
25513	31403
15267	36367
22989	31257
19351	34550
18010	31355
26733	28927
17722	29770
19966	32340
24743	35150
20516	36733
16953	37777
20483	27713
25784	35764
23693	35637
18090	30402
17554	27471
15250	36237
25381	38235
23689	30871
25135	36659
22101	27969
20915	37468
26067	37630
20367	36247
17371	35220
22817	28174
24517	38636
18144	37698
19131	30615
26166	37840
23146	32097
20343	29739
25331	38331
22561	38072
18908	26962
24436	30421
15124	32931
16847	31527
24288	37251
22422	32150
21253	27650
15316	28039
22629	35042
20521	36821
26081	37977
17949	30847
16211	34596
18050	27708
24342	38730
24711	34963
22411	30324
19640	38794
15331	27424
20329	37298
16173	36406
18026	29559
26016	27348
26368	38367
16222	29143
21111	34163
23652	33975
15037	28664
25849	34868
24484	38200
15050	37833
22717	31705
19167	33764
17678	35385
26237	36250
15805	27069
26437	38073
23546	35144
18850	30392
26788	33021
24967	33310
19953	37413
21451	32617
17785	37121
16120	34140
17628	30570
21665	29496
25620	36545
17911	28969
18685	30358
19052	36470
22372	27730
26515	29008
16478	31203
22152	29420
26573	38753
24178	38877
15412	37491
24009	35620
25988	31544
22865	35825
21010	29549
18727	37080
24314	36866
26863	34373
23805	33370
22270	32453
23502	34248
24096	28991
24229	31264
18369	32868
21718	29167
19110	28696
24492	33300
21913	34238
26616	35760
24795	27206
24431	38045
19863	34193
23833	37901
15936	37226
26885	28290
19501	29611
20647	28629
19230	32553
20396	36516
15027	30439
24071	26946
16634	38174
18281	29865
19492	27342
23971	31537
24626	36990
21564	35880
26330	35941
20246	37579
22493	35426
20916	36583
18693	34041
22967	38618
15637	29914
15244	30140
23189	35035
16355	28406
25548	37696
23928	31455
23601	38862
15518	38584
25247	28980
16901	36428
19886	27679
24409	34049
25726	32713
22676	37791
15097	37157
15649	31144
22919	28777
24919	33118
18496	28952
17128	28722
17162	34260
16023	30000
16087	29424
19237	31066
19810	30575
25070	37724
22156	35862
16284	27174
24746	28939
16965	29904
21444	37911
20640	26888
21389	29221
23239	35785
25817	37313
16441	33213
19464	31207
23802	29460
21678	38276
15864	28622
16538	34587
22882	32173
17008	30154
21942	28168
25932	32295
23842	34208
20271	28549
19650	28676
24675	31732
22423	32645
17851	34738
17032	35325
15253	31460
17691	37350
19933	34498
26571	36478
24970	33641
26327	37326
22954	37589
21278	31908
16669	31332
24355	37227
15500	32986
26698	29024
15547	29054
24704	35353
23316	31519
20861	34732
21359	31941
24897	29517
19620	32477
21895	34865
24285	29974
18406	28770
19298	37772
15193	37744
15627	27485
15474	27940
24993	27932
17414	30915
16395	28919
26361	32923
19686	33776
16753	35634
15131	35116
15946	35969
22444	37976
22580	28555
25177	38346
21703	36690
26873	34199
23882	30877
22695	38435
17319	31740
22057	34680
24200	30468
18152	36881
22603	33015
15782	27962
18007	28960
17960	30232
21076	28649
19704	29369
23957	27742
19882	32772
17363	38124
18432	34108
16591	38029
22185	31301
18192	35206
26474	33568
17009	27955
23387	33200
15553	28301
17984	29634
25486	38869
15346	31278
21946	27359
24246	33207
16378	27896
20325	34815
16791	28394
20354	30642
21934	30753
19930	33936
16676	35755
25234	33352
19840	29789
21424	37705
18262	28193
21744	31168
23651	38507
16189	31075
16158	36273
25217	30607
24870	33606
15861	38177
25499	35838
20269	32302
17521	36526
19992	34054
15746	35587
16580	27156
18842	27795
15232	35879
20551	37328
26102	32809
26043	38642
18589	32780
16400	36858
22329	28637
22907	36625
23377	28600
26333	30306
20188	32995
21982	35199
17123	34931
18094	30424
17204	27007
16250	34637
15915	29855
18194	29595
25345	30167
19064	34370
22973	38185
26780	27178
16318	35944
20909	37733
16985	28121
24171	27146
25685	29386
25930	28544
15707	28716
15443	27818
23596	35731
26407	27811
22944	27702
26270	29638
16836	29859
26319	34047
21750	28868
25831	37017
15634	27606
25117	32376
26827	27640
26503	31899
17068	30425
16053	31241
18409	37020
16040	36861
24529	28270
18914	29531
25748	33640
15394	31233
21309	38837
18064	32618
16876	28014
17326	33276
17323	28455
20168	38190
21838	37207
20385	32365
19792	38236
20242	29371
24872	29421
20145	33069
21184	29701
26546	28172
25466	30123
26695	32174
15438	35983
16606	36527
16981	30552
22499	27446
24956	31602
21025	31490
23554	29151
18805	36227
15336	28337
16940	29430
24850	27260
24814	33218
23461	29839
17031	36033
20156	30205
21103	33658
22777	31324
15028	30300
16326	30540
26532	35390
23774	36079
16003	35025
16348	37583
22920	29787
24958	35567
21016	31943
18875	36149
21256	28061
22385	38512
24250	29964
23970	29793
23893	37707
17050	35948
16230	34924
19349	33983
25977	33804
24920	38156
16752	36492
18753	30395
21884	34853
25633	37389
24247	30087
22104	27997
23810	31744
17950	27714
23418	33819
15240	34332
18790	29235
21126	32731
20439	35565
19109	28634
16993	28788
26083	35252
19116	29639
18008	27356
24842	29872
19007	32845
16422	32031
22288	31387
18870	33159
17610	38171
26398	30665
16583	28863
21453	30357
20619	31826
25512	34952
22904	30964
16172	35806
21199	31293
26287	30294
26853	34184
26442	32490
17830	38854
17716	27478
26706	34871
22102	28058
17513	33920
18550	36780
21046	27012
21901	28886
23227	36694
17923	36774
22238	31982
23275	32613
23906	29408
18208	26937
23188	33823
17021	38245
26248	31145
26345	28854
23881	35089
20373	27581
26730	27486
21814	33671
20914	29129
20998	30949
21546	27613
20889	34688
17973	33807
15550	34448
15395	33203
20347	38928
19362	27770
15215	33360
19250	37842
25639	28474
21662	29096
22282	28360
15054	38355
21679	36512
21635	38455
21435	29094
23837	31491
17163	33154
20351	30851
25080	31618
26485	27035
22362	35030
16736	38927
23524	29218
25550	31947
23611	30775
24334	32531
24154	37361
21847	33192
21620	28918
24087	34159
22942	28369
21970	36380
24312	35878
17129	37909
23748	33185
20646	32404
19395	35110
17427	31872
15519	31515
16937	34075
20310	31934
24106	30075
15075	29751
19846	30681
15317	36277
18765	35624
18037	31980
18021	34393
20370	30047
20682	37075
20302	38456
24555	27284
18231	37784
17964	30132
19129	38066
25728	35530
26316	38047
20249	28650
20167	28976
25231	34813
25253	27953
19338	27580
24786	29730
25122	29075
20365	35753
26271	30387
15305	33887
16505	36225
19411	36481
16431	36193
16643	30692
26194	37003
16126	35248
20550	36870
18751	27245
17653	33220
15323	30217
24826	29164
19603	29725
17900	31155
17617	28940
15585	27830
24858	35088
24802	34230
24218	38416
25680	30477
25739	34098
16181	27982
25194	29038
17338	28845
18891	33865
22692	29786
15034	26960
17650	32059
18240	33104
22349	28248
25908	30822
21257	28131
24606	27649
17255	30718
19646	36244
25875	38883
19336	28449
20463	38222
24779	37944
23926	31055
22055	28909
21357	37172
20474	26976
17270	27013
23543	33504
25189	32341
23102	30489
23522	33661
24380	32205
25197	34022
16545	29732
15001	27416
18542	34985
22523	36577
21996	29339
22513	35816
21204	36675
15731	37946
22440	32061
22436	32323
26204	32189
20135	37832
21824	38356
23234	34670
25030	33452
26302	35266
19847	33007
16255	29192
21382	27532
24845	34491
18187	36564
15886	38375
20300	31500
16689	33001
21769	29325
24125	34567
21716	32599
15122	36164
23963	33682
16691	37429
22273	38352
25377	30177
25460	29735
16529	35894
25856	38809
19211	35763
26392	32454
23235	28538
25967	35198
25839	31666
20298	37867
16060	29977
21951	27910
24131	31814
15358	27542
16701	35558
18163	29342
26559	37025
18817	31556
26349	30549
17069	33408
15235	27057
19483	33734
25214	34704
24558	38797
16412	27353
15413	27777
19447	33291
16517	35938
21208	36569
24338	33122
24303	30631
15442	34031
20850	38182
20638	32728
24641	32837
18638	34200
22445	28855
16118	30573
16302	31132
15418	36969
16874	30118
19133	32961
17357	26964
22427	35320
22324	37374
17791	27677
17742	38587
19917	29579
26653	32793
25186	35027
26049	32632
18728	36742
22096	34048
23453	28423
20827	27349
18271	38471
15011	28305
25882	28313
16713	30314
21801	33759
23958	32959
15807	33333
25202	35712
18067	32758
17683	38696
25992	31165
19273	27295
15980	32425
25317	34187
19967	34471
17606	36181
25889	28391
18619	28826
24251	30663
25877	28755
18699	32306
21494	27964
21147	28999
25473	36354
15371	34709
21069	31414
23853	37574
19753	34934
20371	30482
15173	31652
21606	33016
21318	30533
19378	33942
26018	27690
26739	38485
19733	35124
24201	30431
17577	33038
25284	28326
26052	34886
25171	32869
25289	33578
17234	32126
26876	31668
24803	31509
20869	33035
15555	27014
24028	35307
20504	29064
21967	29715
15201	34202
21300	28539
24350	33481
15781	34183
20191	27923
21582	33941
20038	34060
22507	31157
22483	28082
18102	32055
26243	28098
19400	28000
26291	35167
15943	31256
22296	35890
26735	33129
25378	29450
23814	36947
22917	29128
20693	32962
17240	36118
25797	32120
23857	31090
23931	37485
25724	33783
15009	34173
21152	28068
24423	27586
16908	32676
16151	31619
19745	32858
26201	36663
19681	38278
24139	38477
23762	34852
25059	32564
21979	37066
21496	36304
25133	35842
22527	38202
18353	31637
25421	30901
23595	35376
21289	34013
25098	38050
21040	37598
23362	36021
18825	35184
19176	30779
18822	33675
24914	36991
17358	31028
20690	34719
19380	34104
15497	30516
15645	37186
20372	38101
25465	31937
17353	29703
19602	31611
16855	35286
25238	32159
24207	34291
25737	32950
18497	36648
23789	34225
18053	28719
23932	26957
20692	29627
16773	37451
25374	29295
19270	29641
19623	34751
21434	33144
23338	28884
26635	33492
17399	29265
25787	37205
23087	30897
21409	29163
19794	37570
15683	36458
25140	35180
18954	32476
21674	30895
18421	32589
17951	34168
17253	30063
23402	30124
21974	35953
17914	31930
18651	28860
19499	28616
20160	36013
15785	34902
26642	30234
22659	34700
18922	30962
24320	34889
24995	38251
20459	33249
19441	27191
19594	31252
17036	32781
24972	38518
22082	29585
15499	35056
20714	33638
23797	32641
26502	32324
22026	31605
18380	31730
26453	31594
20929	36790
21991	27152
19684	33680
21692	30674
26093	38766
19738	38703
23458	33266
22951	38187
17701	38907
21044	34910
25351	30506
25457	33488
18740	33341
15039	28582
16353	28540
16362	36839
16193	37884
17179	32008
23278	33855
25741	27198
22870	37391
23120	35857
23054	36549
25469	32344
21584	34009
25518	30773
17712	37877
18171	32475
17085	36098
21377	29971
26628	28838
17119	34079
25596	30754
25141	32184
26299	31205
22216	31599
21472	38596
20846	28948
19841	28831
22549	29250
25751	37999
24557	28739
19845	29232
15597	28840
18335	38558
24165	29574
25206	31002
25106	34841
21209	36981
17828	29550
24268	27787
16546	35572
20301	28870
25860	27132
21621	37195
19482	34824
23593	33609
24144	29932
22588	33751
18414	35819
20103	32196
15542	34288
22752	33119
20788	35359
15261	29443
24101	30951
21900	36884
15299	38083
15409	37166
19035	27802
26499	31722
19303	34922
15754	36623
17417	29727
20632	37951
21936	28473
16796	32193
22776	37135
15365	28339
15646	28379
25883	27771
21649	29648
15262	33717
15545	31104
23201	29636
15428	33946
19384	34703
20492	35063
18887	37063
17267	30583
22680	30143
25386	34125
21715	37669
18012	32955
21579	35292
18866	36336
24273	35808
26792	27699
26218	27626
19213	38720
22985	27282
15677	27598
15710	29364
26150	27704
24859	32022
16818	27732
16217	36441
23327	34772
17113	34146
17297	33953
19434	37734
19864	34142
25430	30348
24470	34912
26417	30187
15777	29238
23288	31388
26226	30912
15685	27837
25924	38821
16421	32481
23874	28488
15135	36734
22648	32822
21655	28499
20487	32910
16615	35373
23415	37441
24609	34494
26039	38019
15071	33280
23480	28430
23983	31965
21356	34297
18459	31554
19588	34334
19123	34581
22543	38920
16370	35722
26268	35015
26645	27875
18837	30890
16365	34753
22317	30598
19187	34059
19697	31575
21641	28087
17543	35002
23424	38244
24530	38237
15180	27735
20230	27863
25990	31164
18572	35311
25939	36588
26411	34421
18934	36855
24396	35792
22872	32678
20042	35469
17244	36433
15875	26896
19770	36665
17205	28287
26370	33373
16107	37959
18578	28485
17292	31774
22569	27358
16632	28824
16939	30156
16051	28017
18230	29649
21882	27231
16397	37984
20683	38385
22299	29883
24882	28348
21319	38652
18058	27082
21563	34607
22260	28640
16007	37541
20004	32465
20311	38320
25768	30866
25281	31253
15362	38157
24843	32463
20214	32635
17510	30859
15102	29763
21470	29456
19624	27617
19082	28300
21904	34866
17448	38347
23332	35059
26551	36844
21210	27084
23900	30998
23915	35183
19274	35014
20392	35201
20819	38729
20559	37727
19973	33943
15408	36009
16413	38257
21688	33842
26230	35552
18293	35855
25156	33482
25906	32744
15711	27490
16434	29978
23584	37782
21654	29734
22076	32873
26625	30786
22497	28454
23518	37455
20673	29842
23716	35970
24964	34728
20254	27573
17048	28092
16971	32819
26550	34006
23700	27071
23709	32544
19918	30944
15963	32605
19911	35910
20204	32782
15048	29655
16562	27403
26494	28531
24541	38030
17807	31481
19416	28047
23325	27494
19529	30707
24560	35262
20954	36145
26432	29731
16926	37850
25481	29650
26185	38593
24384	29827
22419	34192
24735	28550
15134	28258
19962	37493
22015	27455
16959	31569
23448	32900
26399	36077
24053	30952
26428	35598
17924	34766
15641	34408
20393	26959
25099	38921
23022	38737
23166	32060
18882	28428
23356	31360
19785	38451
17804	32510
15791	33861
17109	34800
19797	33973
17043	32333
24574	31217
25640	29398
17247	32338
22001	34539
26525	30018
24911	36391
18489	38363
26026	37943
19215	37790
15475	34856
25853	36815
21732	33619
15606	36412
18917	35112
26007	37085
19689	31013
16139	28440
21910	31832
22225	27899
17189	35955
21723	33146
16285	34479
19178	37742
25037	30297
25423	32715
24769	26969
17203	29783
21645	28040
25870	30065
19268	38602
19229	36587
26575	34579
24598	27102
22859	33691
20362	38292
16581	37447
22660	35535
26156	35068
24918	38336
18610	32499
26112	36246
17670	38326
21068	31153
25766	34942
21553	36404
26505	31249
19981	33052
25558	37989
26466	37764
26077	34699
24459	37342
23035	32210
15293	36335
18684	29336
24646	27382
19185	29247
26487	36696
22938	30125
17877	35316
26217	37329
22441	27682
20257	32525
26861	28439
24345	31914
22528	37934
15596	32427
17918	38701
20104	28103
19057	29270
21567	27632
16922	30175
22868	29199
21657	27804
17378	34133
25706	28434
23306	35690
22525	29215
17601	34209
15660	38499
18636	38321
26275	37114
24887	32359
22322	36827
16343	31184
22770	28875
25432	32738
15784	34442
19478	38632
19791	36652
24617	37270
26384	28847
25829	28067
20101	30227
16683	27681
25227	30693
24499	29309
21294	38023
23154	35366
25579	32779
17961	37478
24027	36327
22404	37292
22195	28371
21963	30666
16830	35852
20606	38590
24032	27780
25404	31081
24480	37695
17525	37516
19827	34834
26454	28078
25780	29961
20661	29635
17665	29240
23053	37396
19234	29070
18088	36253
16234	38087
15470	32493
24521	27187
17704	38138
20339	30378
24866	27378
15088	36464
18520	38459
18840	34167
15269	31549
25855	37423
19666	29142
24613	36307
20201	33491
16787	28680
16458	34723
24083	30291
23725	35705
15658	27233
20557	30727
18814	31373
16533	30568
17550	37371
25525	33404
22594	34883
24475	27384
26169	30767
25204	35434
23977	34379
15917	38147
15400	29340
16594	28558
18068	38812
18571	34776
15263	33650
21053	37975
24573	31035
22487	38707
21248	27095
23635	28955
19690	35474
18669	33522
19020	30332
24847	37325
22611	30255
18107	29326
24329	36520
18318	32803
22018	28966
18653	35725
24163	30440
23355	35512
22264	35439
22711	33928
18624	30882
23393	30893
15846	32570
18290	36324
26468	36592
18463	37529
23806	35629
18178	36751
21235	27994
15453	35226
19480	32607
23317	34661
25736	35026
16820	33131
17582	33126
26297	34235
25165	29908
17549	33451
24582	37801
16929	33444
17579	33238
17431	28151
22390	28405
21619	35870
23199	30356
18017	31520
16256	38535
22100	36351
16894	29473
26383	31088
25588	38448
22087	36936
24311	30226
25005	36757
19884	33427
20418	30723
26860	32124
16656	27925
15556	30547
15022	37346
26728	28267
22126	27562
26267	36616
16783	27111
21961	30614
19550	30980
18334	32778
23506	34972
16162	30455
17608	36950
15094	35412
24773	28097
15840	37732
20390	29504
20741	38957
15774	36288
18025	27764
22937	28809
20609	38064
25793	34266
19018	28492
25163	36063
26806	28610
20484	33323
16101	31846
25154	30361
17058	28319
15004	36075
16548	31638
24177	34224
18273	30985
25647	33593
18920	33535
25418	32512
25672	33045
21739	29058
17673	38908
21251	37780
16168	35812
19573	35281
20644	38462
26516	29718
22855	31263
19567	32161
18310	35350
20554	32759
22769	27017
16075	34410
15521	31948
21501	37739
19281	31368
16769	31347
17503	37539
18032	30809
20686	33885
21082	26996
18725	28678
23942	37581
19392	35172
22566	30153
16607	33840
22801	27727
23570	27376
23650	36112
25384	27952
19774	29437
18641	28759
16684	35798
20997	37062
23884	32089
15653	37234
24774	31778
21524	38076
21539	31147
16765	35956
26595	38143
23193	37584
17519	28981
22798	36017
15814	30319
20777	38609
22387	34706
20199	35990
25709	31687
15422	37027
25271	34337
18486	32756
16127	37051
23368	34154
22425	35769
24591	38109
25969	30159
26723	33047
20734	28148
19890	32381
22164	33501
16136	33379
24445	32085
18819	28525
25926	34268
26614	35933
18035	29750
18983	30659
26480	35036
15992	28325
22481	36494
15836	36726
26433	31401
21463	30678
17348	37793
22975	30342
26024	36986
24571	36984
24952	29778
18160	29614
19653	36281
18884	28660
15692	30645
26391	33557
23599	32367
17605	28944
19593	30714
20802	29139
25646	28908
19871	35665
19235	26945
16016	32330
15061	36996
26329	31412
16584	38378
21852	35155
20969	27548
16259	36275
20486	32506
17218	35871
15421	34529
20593	29097
21403	34326
25634	28112
19760	31647
15157	30223
24671	37940
18431	28115
17291	28626
18354	35881
16573	38275
26008	35793
16138	37320
22836	34068
15239	28487
16972	34598
23077	28796
16794	37384
21084	27124
24792	31496
16941	31043
26576	31045
23602	28130
22664	30260
21532	31018
26202	34158
23728	36144
22389	38220
24155	31702
17876	33615
19547	34746
22598	32227
22645	28310
23068	29214
24950	31503
15107	31251
18761	38040
24034	34795
15798	34681
20893	27967
23121	34322
17380	32591
24256	28963
24812	37179
21585	36943
25221	30717
16639	36473
24038	27056
26714	38663
19808	27285
24464	30563
26610	38501
19559	28727
18428	34554
23241	35557
15189	28523
18029	38394
24985	31069
22183	28803
21321	30054
16280	29605
23163	34216
16828	31676
16298	31698
19963	38863
20533	37564
19639	36854
19323	38770
24761	33863
23088	28318
17778	37380
21465	38706
22765	36932
24908	31978
17680	38210
24667	33170
19799	35732
21839	26898
15000	27036
23417	30161
26875	35756
20637	30641
20635	37640
26808	28688
24643	32588
16012	35246
25128	36703
22538	34064
26527	31810
18823	28209
16788	27204
22869	38687
25872	31867
26726	37123
26881	33517
22597	32691
17466	37419
26662	35556
19664	30879
16627	38054
24049	30534
16440	29896
20064	34960
15403	33158
19891	34189
19861	36476
16494	31966
18976	37170
23771	28510
24853	34181
17407	36121
24070	29802
18031	34170
25529	26992
23489	37445
18388	33668
20185	33744
17844	29464
20071	36575
20936	28624
16526	35804
24871	33761
24240	27386
17598	31200
17952	34073
20858	32320
20615	38145
23776	27257
24791	34345
15935	32745
26459	30667
20033	37807
17007	32816
16920	30865
15472	27799
17803	31579
16883	28416
26051	30307
24600	30407
22746	28468
19935	35038
18614	37107
23567	34998
20164	33439
20987	32279
20416	35715
26161	33097
15112	30539
18852	28617
20485	35057
26734	30558
23892	32468
19674	38428
17766	28457
25321	33686
24036	29830
22707	38053
26640	30832
23305	32624
15813	32714
26671	37071
24413	29005
21351	29659
18566	32229
16352	35856
24686	32501
15949	37131
19331	35186
17336	31351
21846	30750
23620	33290
25148	29822
24133	33458
16742	28974
24939	27537
26879	37616
18351	30078
23930	29393
18764	29019
22691	30685
20800	36294
26778	27559
16782	35200
16426	32733
16582	37760
24160	31558
21070	37553
18306	33109
23555	33775
15626	36513
15029	33554
25201	30889
22351	36613
22170	27529
19972	28447
21664	35539
20524	36971
16438	27961
26094	36776
20006	32240
25081	34898
19587	36315
20336	30322
26858	36709
19515	33786
22510	38403
17859	34781
23363	38243
21333	34347
18584	27094
18557	27491
23738	33409
17578	38288
25614	31540
25174	29194
15175	34325
25105	30242
21024	38723
26665	34582
26414	35797
16017	31684
15164	32448
17137	28511
20698	29293
15909	27266
15803	36599
22232	32616
17540	30657
16568	31522
20750	33771
23639	27710
23380	31692
17740	29755
24259	36837
26421	35673
17422	29356
23903	35750
16289	30039
24714	27600
24291	34625
26482	30668
26372	32065
17508	26986
23654	30133
21027	38620
21165	27104
24642	29112
22121	37215
16524	28708
23006	36216
15303	28559
26630	33108
15929	31079
18843	31654
20666	27784
21894	34558
20131	37639
15040	30997
20231	36131
19171	29258
21272	37609
16245	32253
17015	33003
26508	33981
16592	35518
20818	32232
24874	30661
20599	27773
20152	32486
19352	31273
23059	32277
15512	28294
18438	28095
15632	38216
15773	29861
16339	38665
15697	32355
17337	27634
20128	29288
17122	31266
15455	37930
18305	31791
20562	30514
19836	37645
18170	27515
24490	31604
18714	30188
20035	37483
23425	27864
24657	29960
20653	27218
21061	29355
20200	36100
25136	36061
19957	32547
15712	36729
20980	35863
16214	28052
15993	28085
17755	30487
18449	27800
26775	28810
23410	35635
17258	36952
25566	34250
24924	33984
19793	38713
21125	31933
21726	29643
18998	26974
19615	32675
24720	29091
17939	37031
20048	33403
21788	28514
18979	37091
19025	34219
21338	27123
25393	35594
20568	35689
16557	38574
18362	27239
20109	30902
18382	32620
25429	27323
21909	36763
26592	30535
25157	38279
20046	35431
19491	30557
17626	35437
20232	38758
25334	27465
24197	33013
15003	36842
22963	36622
24454	36252
18408	33098
22928	32222
26537	35600
15121	27641
26756	26952
17003	29836
20900	37297
24744	38850
20978	28271
22978	28021
22341	35844
23929	29353
17187	28571
18565	28646
21274	33099
23428	37849
20075	28973
23496	37731
25663	30077
25387	27357
21850	31909
22474	33583
16462	37853
18784	38801
19893	33136
20482	35663
18949	34549
15930	29505
23711	34939
15489	29829
19320	27176
25716	35442
23459	38740
24167	28642
22636	27098
15510	30097
25058	34683
16659	35306
18149	36038
16630	30055
20941	28395
19682	31059
26340	28366
18234	28612
20026	38643
20387	30837
20184	37788
24981	35695
24760	37593
25761	34524
22775	37815
23365	34467
26413	27105
20572	36813
19906	37174
24290	30443
24610	29475
23029	33221
25961	27445
19819	38158
18109	31792
22088	38371
23004	28992
21960	38662
26155	33696
15945	30703
16237	34114
19124	29766
22089	32821
23863	32978
19112	36650
20018	29905
15095	33635
22607	34763
19694	28463
15035	38074
20928	30833
16806	27918
26404	32168
15957	34475
15527	34903
21808	32901
24593	38203
16499	38925
26650	30338
25618	34851
25422	29644
25754	30873
24652	32264
24727	37637
17883	31931
22459	34823
23873	38569
24048	31235
26296	38330
20374	31463
20063	34846
16789	38627
22391	31636
16085	37687
26347	36634
17612	32024
21038	31366
21197	36695
21304	27934
20920	30236
21115	27334
22931	37366
18137	27836
24052	32723
23060	32011
19224	30288
15538	37428
26308	30007
24300	36749
16893	30734
23800	28381
20718	31048
16682	31420
24576	30481
20226	28829
24283	32497
17426	28247
20092	35899
25702	32269
22981	38263
21466	27437
25017	38117
24289	29062
17574	27938
26470	33405
22745	30587
26644	35382
16320	28983
25551	30116
21932	38410
18313	33963
16834	32798
23588	36214
18872	33800
22218	35314
17491	35827
17757	29720
24438	32926
16679	27129
25256	28413
24230	35903
21117	32176
25182	37920
23911	35617
20968	32831
25656	29138
17772	36707
21483	37810
26292	37268
22658	35799
17689	36935
22489	29838
25056	36415
18174	27077
23557	36390
19692	31512
26452	32638
15049	33150
18143	37974
17912	29461
19829	34656
20880	35849
24696	34993
21897	28879
22112	35288
21163	32656
19812	28721
23104	30819
16221	34388
16466	27563
18508	35759
21095	32805
23191	28822
26168	35468
25161	33895
19537	35978
19371	31578
20378	32603
20924	29885
25804	30776
24478	32068
21336	36565
21872	34949
17300	35465
17806	31192
25978	34308
18289	36579
19409	32009
16816	35363
19658	32718
25994	28580
25403	33177
20332	37504
15200	34502
21031	31175
17940	33890
15056	36454
25681	38068
25981	33112
24344	35623
17142	36274
16116	36394
16295	26893
16962	29226
20079	36705
20437	28985
16135	32846
22994	28906
26633	28912
18261	28758
25372	36762
23071	29805
15086	36731
22555	36777
17165	28237
18686	36614
26841	36338
26395	33140
20408	36182
19289	32697
20744	27303
25671	29745
24607	29990
23565	28703
15898	38895
24047	33187
22715	32278
21138	27228
25874	36875
24175	31999
15446	28119
24280	32843
19101	34674
17690	29851
16219	29632
22224	36728
16111	27508
21390	36090
24075	29009
23038	28971
17586	28249
15672	37753
23794	32550
16786	27171
17935	37667
24861	28639
19625	36005
16145	31916
16480	27214
24673	33215
24398	27062
20925	31588
17770	30921
15735	34941
23919	29440
19092	34735
24222	35781
26771	33970
16651	36113
17738	37369
15893	32215
25635	37001
25198	30257
25262	35723
19146	34660
21857	34040
15994	28524
19676	29481
18001	35909
16497	33316
15673	29225
18098	34757
26632	35237
15614	32050
21813	32569
17017	31400
19708	31430
17522	29203
26611	31152
20823	28089
17176	28774
16485	36683
23156	30466
25772	34620
26441	38848
16228	28546
26702	28712
20586	37335
23623	31098
24910	31005
18373	27369
17743	33378
16810	30372
24844	37393
19739	35345
18461	33795
18041	34879
19976	33511
25500	33502
18045	32136
20972	30806
20076	35395
16527	27063
24640	29947
21071	35159
26276	31671
15380	30801
20479	31427
18302	36895
17082	38771
24496	32762
23027	38889
21039	33282
17140	34274
25846	36419
24713	31750
16082	37319
21186	27431
18084	37034
20859	28062
19647	36293
15944	38241
20389	34003
22627	32693
18097	26967
22816	29959
18391	34917
21337	37773
17500	31363
20193	29145
18600	31849
25333	38492
24973	35562
19238	31501
22215	35192
20560	37141
17487	34948
23679	31397
26178	32753
17409	38807
16405	34065
26334	28236
21540	37224
22824	35579
18662	38057
26570	32836
20409	28471
24548	29465
26696	29570
24141	34762
19456	31154
21767	27614
19421	30059
26654	28771
25436	32441
20022	32399
19532	31281
22473	38672
20010	36796
15662	33383
19763	28003
20664	29487
23457	28034
21106	28176
25316	30080
16454	30500
21180	35383
24987	37106
24188	35831
20438	35133
17783	36808
21845	27088
25360	38130
17225	30350
16598	29631
22226	31907
26183	28926
18292	32785
17014	27395
21030	34623
23481	29277
16588	34657
23174	36629
21124	28570
21768	35197
23390	36320
26324	30413
23268	37050
19377	29080
21738	38086
19151	33251
21207	28706
24943	28720
15611	35497
18519	29589
24650	33754
19376	37720
18131	27316
18195	36698
21088	34195
19217	38464
16559	31406
22353	38426
23276	33889
17260	33090
18390	37128
25173	29692
17230	38714
17364	38711
16204	28481
22065	36472
24224	28134
23450	28288
22563	33332
26341	36769
19041	38474
26309	27687
18878	37528
26029	37338
19680	30545
22160	35532
17096	28110
15776	34179
24341	29658
18603	37177
18454	27413
18065	28448
17793	31763
15938	32646
25279	33465
18169	31426
20047	29840
26622	35709
19027	29095
18000	35485
17220	35923
24674	30219
18597	34186
15580	28743
18100	27775
25407	36496
23093	28094
20181	32813
16687	31587
25147	27950
23946	34519
16047	34222
15437	35211
22205	29866
23460	28155
20674	37332
22263	32530
23251	35613
22171	31657
19880	36534
25408	38002
15271	28834
24680	35765
18646	33433
23834	30770
26323	34874
26030	32347
20494	37081
15125	38365
22590	27885
16430	37706
26085	27643
16014	28587
18378	35644
18863	34126
21201	27320
20762	31071
17316	36620
22767	34873
16045	27193
18349	28998
15170	36151
20244	33540
19556	35859
24622	28871
15463	35419
22604	31939
22878	30737
19914	35772
19803	32615
25075	36039
21689	33228
15633	34944
15716	37635
19543	31485
21206	38387
18977	31467
24491	30060
20821	31116
26054	32682
26335	33960
22556	35657
26263	36002
25899	28493
23181	35210
23446	37967
21473	30553
19017	29160
24098	34152
22452	28046
18516	29123
19484	32494
23641	37685
23384	30146
20590	33967
26257	30942
16310	28372
17947	33651
17262	37334
19451	33523
20617	27554
23825	34038
20450	31341
18167	37918
26069	28975
20874	32318
19538	29540
17449	32379
16991	32402
18558	29506
26231	29542
20994	34101
18433	33004
26534	33645
26390	34085
23114	33025
26192	37939
18366	35077
16928	32890
22518	34391
19288	33772
17771	31067
15353	37052
23950	31708
18521	35391
22157	38271
18859	38021
17112	27622
20267	31454
24301	35500
15266	34881
15789	33825
15605	31061
25679	36321
22572	34819
20441	34029
17676	29003
23640	31827
19096	36449
25443	34497
25811	35097
21392	30988
18671	35602
17481	29033
25167	38496
17320	32554
18038	28373
23130	32164
21347	36977
19558	27974
18503	36611
17583	30852
23272	35493
15321	28953
23292	37064
23976	36649
26584	30504
20885	31630
19802	35136
18778	37256
25734	29937
19405	34011
26461	34122
15140	34600
25689	27647
20177	28592
18804	31007
15839	30283
19093	31474
24172	27258
16952	38543
17328	34405
25760	28260
16677	28188
21028	35677
24612	34591
15815	33868
23672	37722
16900	29503
22735	27569
18592	28746
24651	34775
21941	31969
19043	33184
19721	38502
21922	34658
15236	36120
26080	33113
15855	28603
23556	34925
25886	30495
18168	36257
18426	30791
24602	32001
15214	29106
20052	37718
20964	36128
21865	27144
16732	34071
17557	36127
24372	38682
21521	38540
19525	35519
24068	27986
23901	31597
23511	34143
25958	37988
23779	37013
15108	36314
21487	32064
19231	28704
15769	30362
15405	37327
21984	34588
15977	29984
16333	27355
25018	31713
26449	35043
20904	37818
22293	34450
18179	30849
24697	27468
25257	27435
24633	30517
23229	31836
23438	30148
24665	30394
26430	35902
20669	38575
23085	30092
23487	29919
22246	30604
18703	35828
20883	36325
19990	27701
23916	32878
15264	30586
23865	27499
22485	33670
25852	30743
24707	36610
18828	34470
26526	38423
21239	38948
23432	34314
19691	27047
22825	30418
20719	35877
17073	27610
21816	30950
23819	35529
15738	34273
19804	34007
22599	37058
15344	32401
18277	28563
25931	31927
25673	37836
15485	32100
26019	32690
24879	32249
15667	33321
20413	28444
19754	36397
17594	37987
24385	37945
24824	32661
24552	34069
19636	29153
18446	35411
16182	38597
18308	38252
22772	34745
21844	31825
18966	30841
22971	29345
22930	33810
23870	28614
25773	34516
23698	36378
15664	27749
20643	32767
16123	32952
24638	28630
17150	34546
16192	30799
25910	36559
19439	34937
21436	28341
18622	31489
19179	31949
15220	38580
19383	29670
15508	30836
20186	35710
22562	27712
22008	30296
22022	27825
25810	38192
17846	33436
26206	27578
24326	27847
19554	31080
21097	38875
23261	35275
25124	29455
20595	35233
24135	38338
21860	31946
25705	37169
22979	34930
22327	37006
18561	28751
24723	30785
21014	32940
25711	35796
19595	36159
24442	29699
20537	28883
19706	35368
18267	32850
25896	31685
18950	30142
16340	38945
15378	38744
25304	37083
24198	31610
23754	38871
19291	37016
19977	27324
22340	37580
23948	38759
25783	30917
15195	37405
25276	27852
25979	28726
21086	31015
20454	35742
16705	36177
15951	27186
21812	34407
16749	27212
15590	36174
23455	33888
18013	38212
21569	37968
17970	28690
22237	37124
25103	27365
17341	35073
15304	31227
19779	30044
20451	32824
24891	28080
19611	32308
20190	37255
20937	28687
16213	37432
16018	34797
15717	34307
17754	27119
18518	30648
25790	27724
15834	27615
22544	31287
24539	30928
23313	28528
25047	29256
19577	33348
21407	37086
19284	37533
16420	32162
25079	38293
19397	32129
21720	30491
16296	28876
21989	35369
23744	32671
21166	28026
20049	38475
20890	32981
22068	33085
25172	28069
17688	27981
24095	29950
15006	30880
22448	29832
26549	28350
17782	28623
24777	27154
17580	31167
25549	34112
17228	32262
23791	28837
20626	36509
21693	28340
18199	35790
26095	32941
17686	37535
18030	37889
21953	36922
23868	31239
19609	33060
25562	36849
25062	29017
20086	37154
16086	35332
18918	37915
23615	36201
22846	31870
21310	28049
23726	32122
16381	31760
18081	36156
24358	31176
20747	27850
15490	28264
26683	29231
18731	34928
26832	37526
23972	27707
15625	36170
16102	33914
17153	38473
16564	30542
19725	38827
21886	38612
16190	33199
25498	33752
26381	37060
15579	36735
26465	31565
16442	34239
19003	29979
20359	26890
20497	31498
17439	35979
20894	37134
21506	27980
20722	31074
21789	38411
16706	36073
19787	33906
24524	37515
20726	31670
26872	33233
25009	29431
16755	28365
16809	38048
26004	32524
19630	28091
24519	29219
20091	31213
16447	38381
19870	32568
15799	32469
26697	27089
19907	31446
22807	31562
16265	31663
26856	31238
19225	32988
23843	35935
24371	27866
25223	33283
24151	34684
16392	34272
18119	31567
17463	31011
23312	32514
26877	31377
25002	38106
26312	34531
16154	31190
21977	34074
17852	30408
19811	31068
18585	34206
23072	30839
26749	30139
19757	34070
18666	32274
25652	28551
24072	37045
24790	30189
25807	29389
16262	35823
16653	30138
23508	29706
23264	38583
21064	31053
19761	33799
16249	29043
17117	30624
25112	35120
24391	27596
19049	34135
26811	34400
22446	36597
25026	38519
15156	31940
26022	33459
21458	37838
19520	27031
15142	37751
22570	35138
20806	33337
25226	32213
25188	29098
20014	38303
24678	30850
19088	33915
25445	32621
23547	31226
16489	34396
24242	28763
22131	36987
19507	33539
16815	35269
20639	37914
20778	31891
20975	30580
16930	27209
23039	28407
20771	29758
19552	30412
15866	27812
18159	34316
20596	27448
24448	31882
18393	33521
15687	28990
24373	29441
17865	33787
23715	28410
15147	34987
16252	37826
21653	37941
16006	31272
17824	27229
25965	34264
21260	36234
23025	33171
23733	32261
16590	30930
18364	28945
21041	38783
23497	38295
17581	30848
23581	31440
19119	28957
21429	30691
21862	27496
20751	31117
17233	29724
24194	28700
20752	37596
20642	31177
16970	28627
16141	35410
18239	36319
16309	31693
21490	33486
21821	36770
19283	28667
23019	27219
15562	29407
17744	34302
26068	38265
21774	38842
16364	38923
16019	34754
22209	35545
19519	37774
23936	35592
18019	33512
20134	35134
21555	33138
26543	32346
24585	28015
16540	28547
21819	30521
15723	27066
22011	32439
18670	37572
23835	31495
23082	28935
21833	33738
20366	28345
24937	30465
16661	32199
15370	29796
15312	31596
19301	34965
22098	29451
15243	30710
16903	30633
19473	31237
25644	29876
23629	31546
18688	26895
20309	32118
21650	28711
16176	32746
24737	27591
20183	32521
23982	34586
20144	34138
16319	28764
15787	30144
19985	33792
20111	37158
24327	27593
18478	29324
24745	35072
20070	29921
15843	37199
22298	28655
21415	31824
25470	33005
17600	31303
20738	33993
19649	33977
24669	35175
25669	38439
17250	29108
19104	37792
15755	27032
26101	27506
21049	27434
26240	32488
19795	34730
15350	33643
24848	37038
16865	28675
15966	31407
20501	37408
21244	28272
22739	36850
26175	27587
17360	36110
18321	38546
21777	34449
23799	31323
20328	27534
19941	37503
16811	34042
21790	35801
21150	28482
21927	27738
15889	30616
16840	36479
15998	33322
15465	28022
17454	30992
24307	38111
21034	38631
26797	27972
26703	37935
15885	38032
20716	36851
24397	38688
17376	29403
20002	27733
19626	32072
15565	27881
25438	31029
15237	29165
22669	27672
26013	34425
22435	31798
17354	32430
19360	36942
23540	33598
26380	28850
24960	36511
23032	35181
20180	32386
25878	30172
22609	34485
24632	31095
21906	28320
18056	37869
24660	33602
21691	37795
18634	35429
15062	35480
15819	37506
21968	37670
17737	33908
22701	32929
26181	33899
24267	34465
21222	38731
15775	31733
16916	32372
21918	34696
23080	36502
24997	34759
23954	29594
24367	30700
18371	32666
22429	33132
22072	36384
21683	32739
22630	31182
18492	33190
26495	32351
19394	33813
18322	36630
24463	33068
15894	33014
24494	33725
24925	30134
15223	38000
26446	33722
23981	38953
22143	33700
24621	29159
19401	38530
25645	34526
18771	30543
15287	36280
26286	28496
19372	29524
16535	32876
21012	27905
17958	31286
17116	36302
17870	32913
15205	38198
18883	27921
17625	30530
15736	34651
25323	33315
24739	34553
25684	33630
21826	37287
21624	35260
23326	30515
21223	31438
18735	35549
17993	37973
21162	36020
26763	31009
19425	32455
24467	38258
26128	31815
22535	31108
18141	30922
15916	28674
21578	33707
19173	33317
21190	32703
25980	27511
20166	28636
26519	29141
22652	28072
15569	31533
20224	30284
21806	27783
22843	37821
15085	28501
19115	37785
16880	35415
20630	33925
26222	33406
22097	30191
25401	29453
21143	35506
24039	30706
23311	28611
25028	34256
17419	28607
22756	30664
16897	32977
22117	26922
22213	35957
15765	36928
17086	34833
21615	29254
18039	27172
25759	30180
23630	27642
16657	29255
22845	31436
23350	31478
21168	34223
15143	36165
17597	34357
16307	38564
26348	29972
19294	33802
24957	35054
15772	30853
24537	33210
21696	35347
15655	30442
20404	29447
22970	28864
17045	31561
15810	38421
26807	32258
17721	36615
21519	27143
18623	28656
17345	29246
15572	27387
25119	29253
17967	35421
21668	31842
20794	38845
24449	31386
16710	30370
17959	30258
19474	36322
22392	29965
21652	35304
24823	28784
20202	30669
21287	35236
16346	27567
25159	34676
20571	29111
15161	31841
20266	32543
18344	29157
25650	38026
25574	30241
23298	36045
24628	34234
21314	35463
16513	31211
19472	35261
16976	32083
19263	29825
20849	31003
19325	38113
21957	34289
26326	35094
17834	32180
24584	28478
20115	32535
22675	31060
23505	28954
26457	37201
24439	30670
16772	30846
19506	35443
23228	32284
23816	34342
22007	28593
21587	27044
19296	29831
15671	28125
20651	27443
25888	34576
23917	28684
22140	36779
17001	32017
25929	38789
19741	33701
15176	38380
20911	28959
17288	31021
15923	30679
21370	35052
16474	32533
17541	28422
17767	27723
20402	38065
25589	32377
18734	28036
21020	33555
16604	37486
20348	27520
24360	34712
26359	35048
21468	33723
15795	27555
21456	36979
25308	38011
15319	30429
19460	37009
22107	30698
15713	30409
15423	36374
17637	35071
25905	38932
17685	32916
20943	33018
17246	29828
26745	29962
18877	37296
20361	32790
17758	34641
25455	36582
24695	35716
21493	36486
24062	29714
17978	30174
21530	32487
26604	30210
22901	32101
22416	31580
22229	37683
24927	29672
16766	31105
26572	30135
26104	32636
16737	37194
22912	35452
19142	29158
23536	34127
25419	28776
24018	36109
21096	38775
16805	32267
20113	28695
24102	34969
23256	26913
18811	29902
17869	37910
19364	28724
25192	35417
24235	38472
23685	27728
21153	38088
22060	37860
22787	34859
20950	31938
25603	29668
19703	31976
25940	34113
21477	32466
23626	31572
26659	28284
23395	37440
24192	36092
20799	38450
21756	33528
24549	36035
20162	33591
21368	33435
19469	28613
18944	35631
19465	30334
18621	35287
21602	29733
18617	35398
24105	32851
18403	36552
19260	30919
24898	30938
15503	38603
25244	32897
15292	28342
22736	34626
23614	31717
17538	35932
23137	27870
16575	29623
22189	38791
24411	35215
21881	37112
21551	37105
25368	32700
19001	28316
22265	27692
16730	27817
23008	37120
23280	32413
15066	31006
16069	30760
18509	36845
26105	29280
26038	37823
19476	35343
21707	32389
25395	38881
21921	27781
17369	35078
22617	36137
15576	34443
17547	34665
21667	33854
26865	32019
17249	33362
22490	34377
26878	28420
22654	35337
19688	29810
22909	36194
19189	30733
25938	38397
20899	38816
20020	32231
23564	34153
19610	27879
20835	37650
22075	34615
23007	30204
19403	31041
24968	32190
24755	34245
26351	36738
17202	36211
25537	30804
18133	29110
25595	34072
25819	32483
18243	27660
16899	34705
18647	34313
26528	33990
16579	36554
23011	37472
19184	36004
19175	33987
16905	32373
21354	28441
22198	27415
18355	38695
24991	33466
18257	38554
25102	28219
22631	34160
25196	32773
18635	28196
25636	35962
19375	27651
26740	28951
24444	35829
20173	30503
22344	32067
23731	28513
25996	27711
15363	34638
23743	38281
18995	37556
18708	32721
17768	30802
19194	32192
22368	30655
20187	34667
17892	36857
18222	38659
23706	34080
26710	38551
23064	36888
18689	36504
