28302	34216
29578	35861
27124	35242
29653	35536
27467	34973
27545	37664
27535	33724
28720	38976
28568	34291
32266	36263
30090	39238
27737	36701
29216	38990
32351	33414
28352	34150
31855	33661
27300	33835
30898	34349
28246	36531
27494	36590
28849	39235
28615	33330
30584	36282
30410	35425
28001	39322
31099	39407
28481	37797
30351	38033
28341	38523
28896	33660
32284	33539
29020	34148
32458	33332
30991	34958
31078	35849
31130	36409
31176	35081
27205	38799
27427	35084
31505	36770
32164	34521
31372	37276
28868	37818
32904	33512
29964	34347
27451	35961
27781	34670
31452	34351
30561	39419
31253	38673
31859	36790
28772	34846
33241	39457
31930	38091
31411	39166
32412	38708
30032	36793
27400	38175
32180	37526
29063	36175
30493	38056
29282	37299
27507	37857
28457	38156
28460	34366
27978	35215
28373	36401
28299	33323
27909	36189
30546	38057
28558	37397
31717	35083
32730	39234
32460	38916
28789	35031
31423	34163
32720	34239
28205	33873
31081	36366
29045	35860
31583	36248
31938	33437
31545	34512
29204	39198
31738	35329
28589	34030
28057	36126
27401	36815
31040	38682
32698	34554
30403	34358
32433	34445
30453	36222
31696	38073
33081	34841
29211	36086
30740	35002
30565	38844
32032	33925
29820	38554
31626	37623
30248	38123
27672	38725
29542	36097
27105	38176
29606	34319
29990	36017
28811	37763
32750	36032
28528	33688
33304	36710
28188	38926
30323	37197
29595	38397
30512	33766
30532	36047
27159	36783
31106	33696
31534	37437
31894	38093
30315	39268
29544	33713
28865	37268
31788	37885
30941	38353
30766	38664
27649	37329
31712	38131
27346	33557
29565	35944
32743	36565
27746	38715
32087	39537
32239	34478
28813	35907
27138	38507
27541	34268
32114	34656
31684	38529
32936	39412
33247	38764
32172	39424
28924	36197
30778	33659
27573	34623
32319	34934
31412	34675
29435	38367
30884	34896
28095	37642
32985	34910
29264	37775
33042	34241
31889	34565
28714	39554
28201	38526
32003	38942
28634	33654
27601	37905
27638	35137
29317	36028
30402	38868
31664	35685
31063	38272
29119	36958
32785	35885
31469	36505
31094	37078
28661	37073
32257	35122
27502	38155
30310	38986
29394	39072
32317	37947
27367	35412
27310	38167
33305	33598
28540	35003
32380	36389
30329	37004
28935	38871
33306	36786
27934	36660
30591	33559
32918	34014
29178	36791
31414	35716
29943	39459
27156	35048
27074	36960
32190	33491
28851	36043
29795	33690
27342	38358
28395	33806
27109	36570
32738	35221
28180	38484
29008	34215
31430	39331
32389	37353
27755	37903
30273	36433
29013	33685
31862	38913
30984	38442
30688	36784
33243	38511
30178	36724
31993	37878
32754	34095
30849	34097
27037	37986
27578	37189
30874	35871
31261	39059
28083	35782
28737	35746
30318	37403
30598	33968
32643	37279
29405	39330
33109	39036
29741	39176
32580	35799
32079	39287
28206	33789
30244	38753
28670	37367
29352	35457
33283	37641
32395	34999
27900	35165
27584	34593
31785	34962
27088	36205
32004	36412
27414	37827
33068	37930
27364	35276
28500	38578
29723	36053
27974	37120
33022	36816
32910	38883
32652	35651
28441	37817
31035	38608
28297	36361
31492	38613
30902	35765
32012	33610
30257	34029
27286	36371
27471	37256
30647	37555
31357	37732
32125	39382
28567	38686
27457	36308
30802	36564
31203	39208
28093	36383
28450	35900
31719	39471
32091	36683
28137	37933
32520	35673
32057	35569
27895	36148
32809	37714
32841	37450
27570	33444
28364	39556
32623	33951
29892	33946
27599	38726
30148	33694
28327	34974
31236	38407
28212	38163
29381	36871
33135	34213
27798	35210
29354	33670
31364	36310
28173	37423
27856	34336
27004	38145
32411	37870
32362	36990
31601	36150
28228	38490
27745	35768
29782	34605
30757	38606
32902	35820
29557	38882
30442	35433
30981	37287
32794	37957
30844	38817
28418	35418
29097	34194
27134	34028
29281	37032
33148	33595
32908	36414
31565	35227
29147	35863
30971	38822
29569	38345
32850	39591
28230	37813
31105	34345
27773	38021
29971	38239
31476	39216
30937	36354
28643	33349
27596	36307
27756	34786
29980	33623
33216	36723
31185	37616
27889	36788
32931	35926
27460	37416
28667	34422
31553	33794
32970	38430
33023	39023
28613	36257
29291	36646
31049	37086
27829	39256
31657	38209
31907	34087
30458	38784
31237	36293
28399	38127
31869	36018
31856	37131
28196	36369
29693	38885
31539	33427
30626	36655
31386	36440
30977	35169
32871	38074
30109	37917
33058	36709
29027	36110
30230	34646
31966	36473
29719	39232
29228	39479
32699	39233
30695	36411
27165	39345
32667	38357
27787	34390
31630	35072
29272	33918
32690	37346
30908	36241
31662	39112
30358	38588
29251	34821
29862	35941
32522	37897
29075	33658
30962	38574
33262	36129
28150	38892
31310	38513
27375	37065
31777	33739
30994	37615
30792	33963
27071	34977
32547	34191
27324	36665
29365	38466
31617	36460
29576	36203
28910	38172
30285	38114
31903	35472
29292	35654
32098	39536
27674	34322
31113	36416
28923	38939
29125	37408
31808	35886
27981	38956
31107	34861
31779	39381
27665	39560
30897	35929
29786	36779
30202	36167
27954	36355
28515	39465
27659	35156
31814	34066
27916	39578
31813	38434
33295	37013
32233	35726
28430	34075
32879	37360
29539	33772
27944	33818
31669	39244
31283	38649
30081	38680
31705	35124
29401	35061
27073	36647
30709	37550
27605	35632
29758	39328
28718	39531
28766	33503
30037	36135
29444	33880
33033	36782
31980	38240
33273	34893
27747	37204
31885	34122
28948	33758
27911	37484
30574	36797
32499	39279
27360	33442
27486	37644
30919	36304
30320	37764
27489	34467
32215	34966
32905	36538
29959	37896
31586	37116
28710	35115
28652	33364
27748	36928
28607	38001
29900	34926
33206	39389
31404	35597
32343	33401
29615	39070
31014	38847
27265	35250
27330	36522
28461	33982
31572	33938
32608	35661
28052	36925
30108	39159
28081	37251
27814	38164
32935	35217
30820	37470
29142	35773
29177	34134
32282	36690
30928	39068
27254	33522
32121	34169
30028	35813
30650	38896
27562	34897
27696	35898
27202	36667
30602	35173
32258	34768
33134	39283
32523	34120
27823	37934
32244	39410
29690	34772
27815	37379
28522	36022
28526	34709
30456	39475
33097	34054
30003	35390
27488	36292
30745	39483
27154	34071
27901	33910
28117	35567
28790	35827
29200	34104
31974	36897
29084	35146
28255	35111
28167	34332
27975	33703
30887	35948
27155	33407
27431	37361
30708	38374
28650	38861
28818	33655
30613	37080
32779	38282
30154	33489
31769	35442
27363	37966
27247	35203
32341	37849
28991	35478
30901	37684
32683	38340
29110	36259
33266	34387
27042	37787
30304	35001
30041	38064
30665	36301
29026	34438
27995	36191
32303	36948
29638	35719
31007	37837
32913	39584
29391	35428
31651	35872
32490	33534
27744	37846
30112	35879
32252	33384
32976	33484
29330	36547
27373	37673
28704	33475
27853	35205
29948	37441
27937	39308
30839	36968
31027	33542
29341	39211
27777	34102
30799	35547
30261	35151
28577	35194
30531	36745
32769	33961
29540	34754
32569	36640
29417	36516
27706	39249
30086	37458
32296	35924
28587	37902
33102	38085
30121	34568
33021	38487
32606	36459
32672	35663
31159	35695
29009	33746
28354	34399
32041	34781
28071	34899
29295	36694
30513	36136
30925	35263
29088	35360
29505	37608
31483	39413
31426	37173
28820	37704
32322	36458
27048	33640
30854	35251
31313	35253
31047	36436
27945	38182
30459	37997
33217	33891
27524	37687
28131	36671
32081	38362
28655	37482
30138	36687
29528	37942
27331	36778
32952	33830
29823	38610
30703	36313
29642	35645
32267	38661
29881	33525
29787	37262
27110	36373
28807	37085
32199	36853
33211	34853
30050	36048
31321	38580
32807	34331
30651	37927
27301	38734
28816	34361
27225	35074
31834	34796
27612	34470
28086	34805
31097	33901
28408	38149
33230	38082
30027	38344
28505	34127
30987	37945
27064	33352
29096	39362
27179	34118
28273	38841
33062	35045
32474	33492
27569	37355
31962	39143
33268	36365
33040	34914
30019	35171
32797	34011
29176	36019
31768	35400
31882	35556
33112	34970
30428	34992
31754	33439
29914	36402
28361	38749
27380	38528
33025	38722
29261	37250
32740	37270
33069	33990
32682	36243
31370	36362
29270	34236
30162	39386
27321	39264
31585	37406
32971	36240
33054	34588
27813	38836
29559	35909
30477	37650
27883	33725
31221	39487
27852	35515
31575	38756
31126	37381
33065	38685
30420	35208
32031	37961
29169	35671
29271	39303
31152	38599
31153	36580
27881	35633
28268	36011
27478	34662
29021	38893
29166	36471
27039	37601
32261	35725
32647	38112
28599	34025
27046	38837
28285	36629
29023	38336
30506	38002
27459	35894
29763	34721
31941	38959
32895	33930
28164	33322
29889	37960
27015	35017
27966	34750
32967	36537
28637	38795
32506	37109
30105	36732
27236	38111
27030	35781
28336	35735
27084	36916
33154	36156
32875	37911
28832	34837
27515	36964
28684	34807
32462	35279
32254	34644
28182	34913
30235	33621
32503	35868
32862	37937
27801	38035
27007	38505
30761	37980
31926	34968
31914	39058
30336	33435
28867	35148
28959	36468
29996	39344
33249	33490
29521	34991
31642	33607
31886	37936
29294	33707
30368	36177
32063	38974
29358	36827
29319	35998
30528	34980
32193	38234
29385	33434
29992	34697
27742	37009
29708	36328
27839	34680
30488	37019
33052	36861
33003	38077
32553	37071
32016	38088
32556	38607
32158	35175
27689	35757
33181	33976
28753	35821
32860	35853
28662	38039
32495	37816
29343	33679
27520	38413
29879	38989
29925	38688
28609	35036
27547	33735
32376	33418
33214	39168
31816	37050
33066	35328
32780	38723
30629	39432
28719	37037
27343	34748
29970	34275
29535	39514
27941	34021
29433	34823
31135	34273
32214	38928
33297	34084
28452	36691
27129	37793
31697	38186
29064	33569
30418	37833
31421	38248
28506	37141
33296	34843
29612	37771
27336	37648
32909	38878
30435	33729
28041	39054
30535	37036
30699	34106
32425	35812
31652	38856
29883	38815
31687	35261
32651	35783
29538	36533
32173	36886
29101	39367
28763	33628
28070	36494
31823	37558
29874	36125
29339	39106
32837	39171
30228	38467
32934	39266
27710	33477
29191	33536
31311	36606
32068	38658
29076	36794
29791	39204
33020	35039
28636	36787
32770	34373
32493	34632
31447	38619
28871	39126
28701	38230
30271	36463
28903	33666
30562	36196
28468	38801
28954	35668
30370	36006
32315	37293
31840	37841
28303	38558
33169	36392
29822	39050
30836	35112
30180	37407
30933	34062
32443	38437
30910	38030
32881	37525
32674	35326
28511	39293
33231	35018
30949	36345
29828	38273
27213	34370
31178	33836
28674	38659
30916	33448
30005	34073
30551	33421
27207	33600
28219	36682
28887	33687
27759	38782
31075	38170
32685	35696
27322	38328
29017	38061
33166	35190
28239	38099
29432	35921
32847	37091
31090	37044
29185	39239
32529	34369
31994	39002
27496	37317
27326	34177
28016	37519
33163	36598
32269	35420
29614	35498
32773	38436
32019	37446
32694	35910
29673	35028
27931	35897
32134	34254
31432	35935
30595	38867
33113	39343
31958	37613
28744	34452
29222	37151
27590	33852
29322	35473
28427	38846
31731	35342
29485	37183
29387	37239
30863	37521
27572	36911
27906	34471
28881	33854
27875	34643
28462	39190
27266	36989
27939	35391
27315	33928
27059	36823
28409	36331
30382	37607
33223	35997
29843	37179
32043	37617
32901	34887
28456	34401
28284	37842
31598	36785
30046	36393
30300	36986
31115	34162
29774	39093
32543	39281
28272	34594
27967	36391
27269	34052
28665	36730
32358	33796
28084	37989
32866	34119
28484	39034
28716	34123
28785	37052
31726	38075
32306	35665
29457	35718
30843	35623
30482	34497
28439	36808
32231	33939
30686	37249
27394	36206
28474	36477
27799	34683
28503	37126
29181	36093
28757	38459
31144	34641
31530	37217
27306	39150
33168	34732
29003	38281
32789	35300
33123	38732
27930	35912
31821	34996
28194	36037
27143	38679
33239	34313
30486	37791
31605	39533
29584	37188
33280	36943
29734	34901
28618	37202
31242	38046
31457	38804
28380	38243
29245	34041
31939	34017
30804	34180
29966	37610
33026	36109
27688	36013
32899	37351
27643	37364
31093	38717
30149	38668
31713	39451
32182	34379
30556	38512
31034	38015
27942	34343
30867	34890
28385	36031
32752	38665
27277	38318
28569	33733
29011	38545
29028	33720
27985	39538
29748	35610
28673	36434
30055	38296
29229	37777
30857	39375
30241	34952
29129	35744
29616	35393
29639	34739
30731	37061
27505	35741
29141	37154
29654	39422
31177	38403
28369	34129
28271	38972
27806	36403
32960	33604
32468	35180
33245	33706
29214	38360
32018	34472
30588	36484
29567	37363
32518	36807
28107	34207
29371	35162
33137	37016
30247	33867
32235	37522
27273	38465
27145	34139
29962	33988
30266	35348
30127	35979
27782	37737
31332	39270
31634	33645
27212	35896
33259	37590
27260	39385
29583	37427
27153	36481
33291	34880
29395	37269
30679	35265
31854	36684
29388	35299
30558	35652
30698	39513
31472	38261
27711	36376
28532	35226
27146	36927
30924	36554
30344	35903
30371	33862
30012	33371
29623	39123
33155	33383
28986	35566
31615	39579
31259	37461
31578	35601
31050	38453
27253	34308
32942	36157
31679	38597
33131	38152
30088	33726
30872	36725
29592	35729
29603	38630
28920	38559
32118	38793
29913	33671
29019	37347
28289	38498
30894	34615
28319	38108
27845	35027
27434	38283
27402	37414
29168	37380
30229	33922
30151	33691
27314	33396
30618	34269
31656	33824
32686	34059
28888	35576
27589	35772
30135	36571
29372	35214
28170	38628
32270	34108
30834	37926
28738	34984
32731	33517
28520	34181
30751	38653
29397	33361
29247	37722
30964	37145
33159	35301
29671	36971
31918	34249
32247	36651
32419	35598
30107	33359
31052	37865
27271	38518
30816	37505
32314	37493
29753	37579
30577	38716
29620	37094
32489	34238
33117	36462
31194	37815
33082	38321
32670	38150
30133	36523
29159	39295
31015	35116
31270	35273
32972	33548
30828	36081
27395	34822
29039	35135
28023	39096
32095	35396
31766	37129
29627	39470
30286	35260
29364	34253
30170	39361
29253	38333
29167	37115
29645	35647
30201	39164
29256	34043
30076	34007
28051	36334
32409	37621
31309	34487
30578	34036
27009	34763
29304	37271
31225	35613
27533	36575
32737	37123
32988	34820
30518	38190
27219	34631
31610	35021
31698	37485
33258	36914
33290	34667
28979	36026
32943	35546
31478	35947
28003	37072
29279	35809
31824	36188
28545	34267
29201	38202
28031	39415
31643	33577
33179	34583
30423	38100
29568	34491
29704	39426
28775	37703
28496	35551
30280	37255
32357	39320
27392	34527
28306	34997
27136	35582
29563	33390
30000	39585
32437	35371
32689	36169
30381	34842
31618	34888
28298	33834
31723	35373
28768	38337
31029	38792
31149	38231
33298	36212
30594	36035
27894	35908
29044	34151
29724	37235
32817	34283
29752	39195
31544	33455
28997	36312
33312	36005
27102	37811
27618	34690
31117	35778
27349	38194
28376	34671
29739	34408
27148	36873
31518	35638
31003	33327
29789	33533
27038	36406
28828	39221
27168	34039
27767	36762
28489	34243
29475	38623
30156	34466
33271	33423
31390	38957
29852	34309
32421	35411
32903	34414
27371	35193
32869	39311
32668	34498
31896	34086
27327	35614
32417	34563
27984	37585
30331	38947
32260	36907
28396	34482
32406	34031
31681	39492
32496	35692
29809	34206
30824	34749
28939	38729
28638	37181
32571	33877
27876	38884
28835	37059
30935	35128
32645	33812
31536	35366
28977	35255
31484	34382
32759	34072
29526	33429
30644	37228
31758	35913
27893	36789
28840	35378
27534	38812
30490	38514
29441	33580
32217	38585
28672	38399
28346	34614
31952	36792
28856	37998
29242	38850
29439	39044
28711	37476
32196	33388
29286	34600
32947	34435
28335	38906
28947	34033
31109	34266
32305	33488
32512	36653
27086	39377
30357	33904
29781	33347
30676	33920
28111	36771
32464	38109
31628	35602
30211	34082
32105	33813
27621	34257
32177	38553
28779	34526
28565	34454
27298	35161
31619	34628
32742	39480
28036	36837
27846	39350
31686	39124
27731	38998
31169	38473
31045	35117
32983	36192
30918	38121
30957	35615
33046	33373
32052	37294
31825	39506
31611	34350
29699	35672
31817	36740
28781	36833
29680	34232
28018	33432
31455	39260
28347	39539
28357	35739
27098	37432
30803	33589
30819	37581
27892	36375
29263	33844
27411	35795
32026	35594
29007	37861
30914	36839
27581	39568
27791	34002
30220	35377
29004	33832
31995	34065
28617	37011
29811	39486
29121	34562
29935	34571
28901	38276
31620	34945
33095	36952
29778	34784
28557	35522
30993	39526
27600	35100
31515	33745
31460	37708
31607	39467
32469	36677
27420	37326
33145	38767
30589	38146
27691	35322
27157	37187
30299	34446
31458	38646
28136	33744
27325	34330
30726	34513
27932	34902
32696	37068
30182	38051
27208	36991
28658	35708
29975	34869
32451	35485
27700	33845
32027	35612
29613	33895
27994	35064
28480	38293
28106	38325
30707	36817
27645	35825
32149	33440
31728	33544
31989	35056
32598	38419
30906	39497
29735	36390
28857	35335
27374	34263
32396	36772
32509	33635
32000	39167
32741	36105
31874	38295
32795	34530
28669	35163
31394	34573
30390	38117
31871	38258
28756	33747
27972	37575
30324	34940
30177	35922
28159	39142
29689	36543
27622	37136
32666	36711
27167	37676
28531	35585
33048	35901
29138	37792
30668	38136
31243	37730
31435	38401
31647	38268
27568	37839
31233	37733
32154	38028
27826	38129
31018	33476
30389	34903
28263	36147
28187	36002
32577	34164
29437	35410
31431	33878
32379	35987
33091	36351
32347	37560
30366	36385
33139	35978
30662	38571
32243	35774
33156	34557
30606	37097
30143	35770
30694	38047
30293	33960
28524	37639
33186	39499
31172	39346
28198	34780
32100	37803
27842	39186
28712	33750
30284	33970
30511	38238
28836	36781
29070	33816
30883	34585
29906	35936
29314	35956
30973	33814
30547	36567
29675	36103
30395	35934
31061	34517
29495	35349
31910	34344
28883	38349
32008	37929
27024	35489
27405	39089
32659	35541
33162	36260
32040	37743
29196	35413
30025	35823
33009	33466
27117	36845
31387	37333
27539	33825
32764	35288
27446	38104
27824	34774
30790	37593
29978	34542
32209	39172
32986	34854
31770	34712
31790	39509
30548	33343
32648	38696
30155	36758
32793	37240
33244	34639
29968	35444
27464	33408
32049	37907
32250	36340
30205	37274
27172	34398
31976	33620
28428	33697
29301	33566
32483	36441
28936	38945
29135	39456
32184	38394
27690	33892
30413	36195
28616	36082
31542	33953
30509	37672
28090	33625
32192	36826
30660	34264
32110	39482
29412	34198
29117	38667
30195	34286
28042	36236
28671	36519
32048	35560
33070	36400
31095	35810
31091	35902
28429	38415
28727	36281
30960	33351
31949	36926
28743	35603
28915	37567
28595	39155
27943	35920
30893	34434
31023	33969
29793	35375
31571	35346
29633	39060
31110	35041
27987	35644
32702	38097
29488	36091
30068	37539
28185	34552
27794	37899
28659	38154
28374	35441
29762	39223
27468	37589
30078	38657
30599	33521
29036	38464
33121	38174
27862	35617
