24788	32287
21807	33287
19326	31755
18182	29810
19838	28937
25687	39221
25882	38172
22149	37135
26268	34046
24435	30351
24001	31439
22250	30681
22808	33604
18166	33796
23800	29631
24900	36413
27751	37577
25737	30765
18411	30445
21444	31159
19663	34344
27722	34513
19518	37441
20307	38213
24817	36183
19885	32751
24994	37251
19367	28662
27793	38114
18834	35174
26331	32313
26312	32255
26464	30373
25000	30303
18291	28993
18322	31452
18908	33283
23338	28914
24980	31702
20634	35291
28626	36785
18079	37060
19260	33694
25432	39526
28174	33676
28557	38273
26500	35751
24693	29793
22290	34980
21095	37347
28603	34644
19183	32638
23386	34863
18029	29860
25648	36041
19331	35384
23544	34368
20677	38724
22141	37346
28655	33932
20271	30091
25370	29064
20159	36020
28137	38429
20611	39288
26509	32155
26528	38712
21698	33190
21282	37836
22936	35254
20328	35536
26596	35708
26348	34380
22376	36192
23149	30488
27071	34689
27598	30226
26481	34711
19522	39596
22243	32316
26075	30356
26904	34010
24720	36594
26983	31043
27806	38821
26538	28905
23969	33978
26832	38155
24985	29888
19297	39341
24316	35920
20128	35276
22156	38554
24014	32996
28514	30637
25306	30768
25984	31525
18617	34033
18627	36179
18224	31636
21087	33377
22186	30981
24037	28923
20150	34548
25265	30158
19858	29217
27794	34297
25659	38813
26341	34072
23712	32197
23674	30700
23466	35286
23854	30196
21762	31123
21620	38384
20563	34450
20194	29182
20991	29404
26803	33302
24187	37827
23074	33976
26467	37209
26858	37309
27360	34159
24380	31697
20365	37848
19869	39462
21214	32738
23245	36514
20952	39394
21532	34743
26025	32918
26992	35931
20226	34310
24320	38402
23956	33094
18604	37994
28195	29092
27890	29661
28306	30333
24544	35022
20927	31470
22456	28948
26784	33962
23254	36156
24326	29486
22017	34771
26474	34988
20522	36575
19546	34911
22286	35251
26677	28930
22718	39050
21462	30581
26886	39531
21662	30321
19461	34340
22872	34249
20639	30648
22383	30068
19757	35011
26470	30562
21939	33103
23251	36038
26734	32292
25902	34997
26595	32446
19779	31765
24091	29514
28463	38400
22820	37327
27902	34123
19433	35070
26342	32284
23498	32958
25606	35419
22644	37765
19698	31185
18552	32846
26755	30268
26818	38726
21993	37198
21557	36320
20541	33362
19403	30560
26624	38545
19628	29259
25826	39000
22765	37611
22148	33097
23775	36220
26756	36894
27097	37762
20439	39483
23446	32917
27790	37449
19145	38920
18259	37665
20633	38354
22749	33753
23324	38705
19895	38634
25515	39185
27159	38814
21245	37434
28576	36841
19179	33689
20647	28681
26207	38880
19577	35317
20279	39116
19335	29763
26234	28672
26931	35175
28107	31001
22704	35999
18740	32083
23201	38121
25051	32663
23996	38453
25007	28823
18319	30327
18655	35793
23796	39101
24763	28763
26384	36751
18558	39533
23527	33277
23010	34082
21815	37392
21843	36744
25068	35245
22584	38353
24024	33453
20374	39063
19370	33412
26661	37974
25721	28679
25888	29565
23359	30229
19147	37897
28615	35557
20046	32450
25059	35585
22289	30796
24384	35796
22996	38826
22753	29889
26808	34645
26972	30841
22912	38370
19357	33912
23709	30137
18563	30275
27377	37205
19938	33836
24668	37471
21883	31713
28585	35075
23432	30830
27552	36525
23238	34066
19405	33020
23346	39320
22926	36656
18366	31360
21371	32463
22054	34348
20123	38321
18415	32535
22983	34999
21790	36850
22990	36654
21730	29747
22020	32367
27398	36393
24280	36530
19211	32196
22851	32945
27591	32938
26971	34945
27638	36916
27489	31631
24887	37808
28051	29014
25203	35521
21052	38857
25054	30819
27460	33182
18076	36139
22050	33630
18101	33608
26190	32992
22124	38089
24244	32699
19041	29307
26269	38987
18257	36858
20774	36016
19623	29238
23597	37502
21577	37776
19310	39434
22346	39049
18063	31410
19449	32369
27201	32581
21766	35553
19655	35231
27237	30283
25200	33041
22267	29267
18187	33822
22925	32847
28467	38267
23255	33371
21844	38582
27346	38167
22771	28821
23090	38815
22352	28781
23314	39335
23718	29988
18141	33902
18178	38065
18898	31108
24695	33417
24930	31406
28469	37653
25519	33272
19532	36949
27608	36512
28206	29008
22208	32702
27769	34572
23133	34303
26425	35074
19928	37442
27026	36591
24748	36891
25249	29333
25094	36250
18784	38775
28152	39482
20652	38904
20998	36856
20005	37689
19153	30762
21494	29925
22223	35147
18807	32714
20465	33817
26757	30879
21464	32856
28057	29553
26429	34453
26669	37031
22479	38058
23501	29328
23655	29792
20951	35954
21365	33890
24006	39306
27234	39316
20804	31240
28440	30998
26848	38567
27699	36865
26683	31186
20478	37424
25823	30443
23871	35564
25551	31397
23703	39282
24067	32547
19408	39587
27709	33008
20473	31824
22708	29077
27133	37159
26970	37371
23192	39543
27681	30110
22850	34593
22021	37286
18522	30134
25226	29414
23516	30382
25158	30771
24981	38722
19374	38568
22801	37612
24489	31878
22433	34793
21137	34657
27058	30894
24947	30143
22559	39327
20714	35811
22793	29679
25076	38063
19414	33917
19843	35887
23924	33514
22233	34586
27899	35925
27509	29754
24299	31175
24450	36365
25917	28711
22864	31729
24953	32078
27215	35061
19488	28844
21972	30338
23185	30703
20706	37825
24300	38173
19231	34108
27961	31272
18095	35802
28423	37521
21754	38831
27581	36282
27882	36490
21006	34675
19685	29176
25376	35727
26409	32150
27140	29647
26403	31783
19679	30432
19808	39620
26732	36406
27433	39486
20824	34583
26614	33133
21609	32584
22673	29694
21954	31177
25537	37963
25661	36302
27696	33985
20825	29812
28449	33401
20693	30305
27390	34616
28426	31423
26817	39111
18039	28902
25120	37931
18145	38468
24243	34571
26951	39102
21795	39647
28365	35754
21955	34184
27891	34732
23695	36349
19459	30209
21425	33338
19995	33650
21613	36508
27348	31805
18668	28947
19852	38805
25004	29088
22167	33761
19006	35883
24607	37668
25268	29908
21531	30964
20360	33792
26446	30223
25909	31016
26610	35819
27948	37480
26787	28710
19996	32516
21098	36828
20100	38375
19887	38792
27101	35959
21965	36661
24548	29701
27662	33550
24445	39144
20549	28835
18736	28716
27964	31572
24597	31700
22420	37758
27478	36767
24216	34763
24635	35319
28149	34302
19280	35661
25235	33560
25592	30364
21116	36161
19302	32572
25040	38754
28262	36086
20542	34907
27965	32744
23607	35073
26027	30244
21832	35974
19809	32626
21683	36837
18719	31477
22010	30533
27916	31966
19866	34666
19479	34808
26271	30474
24366	35196
19909	35268
19052	31035
27301	34198
20968	30377
21299	30332
23510	31621
26066	32363
26864	33874
20511	39391
23834	33162
21011	35348
21679	34234
26692	31678
27074	30098
25413	35267
21077	37813
23363	38251
22849	39424
28145	30962
24108	34987
24791	39068
21186	33872
23901	34878
27121	32337
18156	35031
25901	39004
26954	38110
19273	35900
26193	38160
25699	37713
23053	30485
27355	31800
25840	36154
20888	39595
25824	29774
23176	36358
20500	39489
23840	37225
20211	37709
19234	29770
19725	39181
21882	33575
23171	38571
18080	30874
23967	33442
21811	31726
18367	30463
23353	32771
26647	31961
18914	33793
21058	31460
19083	31087
22178	33819
23151	33529
18157	35992
28173	30173
24932	30832
18285	37708
25616	36145
27727	31849
26171	31846
25400	39637
19112	32865
28153	36790
27400	31181
23222	39585
24888	33478
25713	36619
24123	29528
26816	34478
18775	34821
22120	35306
24211	31925
26751	38136
23538	37576
20649	30849
26619	34813
28432	33644
22624	37929
25114	36637
23844	32100
18639	32478
18176	33741
27606	35058
28657	36050
19321	33376
26663	30419
23494	29897
23847	36159
20629	29353
28581	39446
26468	30742
20056	31801
21573	34539
19035	29338
23354	38506
24334	33494
24742	39382
18975	29323
26927	29587
23617	36501
20044	34096
20747	33352
20438	31904
26819	32005
19578	34285
19213	34806
23046	37857
19814	29035
18461	36875
19507	29806
24749	36297
18571	33973
27230	31103
20985	32933
21112	33462
24866	30082
24194	30269
27622	32715
20970	31029
25435	35535
21405	39056
26065	33893
22933	29545
21106	33779
21123	36758
22490	31559
20498	37780
23038	28796
26447	29192
24559	34223
25310	34918
19914	36866
22135	37790
28162	32324
26853	29911
18806	34236
27657	32215
20791	34280
22278	37679
19300	37450
20393	29241
19711	34549
27274	37781
19657	39042
24496	30715
24618	31518
27330	33879
18968	37703
27745	31252
26530	34264
26923	31353
22693	37207
27967	34143
19202	37933
24412	37378
23566	37054
21243	37330
19323	35590
19402	37863
23691	32149
25887	37373
19897	36017
26469	30133
26938	33163
21021	33675
24758	34667
27522	34936
23413	33552
20442	34321
21617	38360
21232	34465
23236	35648
26154	36237
20770	37738
23400	30085
22437	33357
20183	30344
20120	29805
20362	31936
20093	34532
20587	37374
25284	30115
28025	38640
27986	30805
22121	31319
18516	29317
27442	29488
22800	38725
26275	36674
22180	35135
27653	31472
27342	35997
28041	37955
21426	31474
24734	34222
25404	39309
25022	30636
24931	36152
24019	35817
23200	31462
27305	32340
22977	32202
19997	38174
20756	32911
20309	39142
24833	32213
27654	31487
28653	35136
19115	32980
25575	34164
18228	29232
26420	34889
22051	34295
25731	29953
27466	33198
20887	38950
27571	34522
26543	32184
21107	39122
18070	32823
20512	32603
25389	39420
22647	29525
20661	32356
18134	36306
21648	33950
22347	29849
24835	35484
23728	38870
22140	38290
24166	28963
20075	39507
21154	30185
26573	28702
19753	35676
22155	32234
19186	38199
25044	31650
22911	33596
23156	35820
22234	34271
26768	37969
20792	34868
21960	29795
20872	28996
18019	36928
19014	33999
19856	33886
19501	30577
20788	31121
18185	36805
19778	36513
19836	29833
27239	29990
22565	32760
27616	35287
28330	35505
24336	38183
27637	34693
28351	29410
26224	38698
27904	31342
20675	32162
24441	28725
19992	31088
25266	34315
26562	29782
24904	30346
23504	29335
19802	34558
25333	33227
22247	32491
24476	32399
24175	29974
24936	38473
20372	33218
24757	37745
20745	35346
21291	35983
24591	34491
23666	30075
20446	30680
27242	39630
21689	29874
23827	34534
19314	36304
24324	33622
20074	37421
25337	37915
18055	28670
28151	39285
18243	29952
27284	32887
22339	37203
22191	31420
23001	28889
21302	34852
18401	32233
20897	38802
23590	36439
21786	31652
18648	32596
27599	34809
21639	34013
21886	36101
20130	31537
21424	30461
21775	34484
25176	35230
21477	30683
23229	37024
28396	30699
19383	29923
18271	34304
25702	38834
20772	31812
25505	33982
25016	29141
21814	33610
21524	31355
21012	34146
26502	33942
20488	34760
25879	30587
22194	31241
20356	35085
23082	31983
23305	37840
26349	32838
26988	33847
22741	34654
21374	36309
21912	30434
19837	36291
20444	30279
28487	31686
22876	37008
18654	39033
18879	34742
26725	29309
19650	29713
24684	31646
26295	29349
20391	33845
25322	37727
27036	32915
23509	34844
19412	36373
22603	28689
18068	38047
26404	37133
20837	39572
18803	31275
18847	32267
20967	35221
18473	29681
18658	34932
21403	38623
21281	29617
24646	30559
19299	28958
24549	32089
24773	36821
20692	38541
21981	31707
25854	36617
26402	29276
27384	36861
27397	31084
18647	37271
25880	35897
24124	34514
23234	29058
21025	30940
21180	39287
25961	36769
27269	33511
20232	38309
23830	38767
18948	36789
25359	28712
25754	32906
19286	33734
19057	32634
18248	32025
26559	31239
27690	38428
24511	31918
20950	37043
18711	32662
22745	36896
20033	30854
28177	39109
26373	37306
18603	34847
27278	32976
22415	29997
26563	37866
18735	34126
28325	34104
22959	35367
26671	34422
25570	30212
24128	33531
21268	28952
24433	39367
27689	36330
27124	39401
27826	33111
28383	36563
18117	38753
25704	30236
21986	37224
21659	36877
21990	36228
22105	39234
24238	37170
22139	31404
25864	38314
22955	38856
26128	29175
25953	36732
18384	37204
18369	39548
21909	33914
23114	36226
27789	29620
22550	36551
20246	33108
20527	39353
20709	37089
24136	33597
27391	36229
27123	29588
24911	36852
20222	38517
24508	39244
26702	28868
24719	37455
19574	29052
21456	38503
21392	29791
18822	38770
18312	36489
27858	39466
19294	37802
18348	33393
27233	34699
23530	36410
23977	38746
24543	29231
23332	38731
21286	32864
26943	35456
26004	29745
21796	32693
22345	31033
26825	31304
27898	32523
25663	28802
19322	39326
19762	35127
25850	39325
22895	35316
27223	34394
20839	28873
21273	29751
28341	32055
26520	32826
22997	37685
26569	34695
21005	33670
25341	36407
20909	39261
20359	31192
27386	31140
19565	35368
24200	35242
27141	29880
19284	31003
22879	37329
20260	31459
25315	34614
25474	39229
18962	29521
18198	29675
24722	30583
25256	29538
22279	31170
27563	33193
26838	35795
23989	28736
21361	28769
21446	33488
24050	36008
25351	34788
25345	31535
23206	29951
28543	37557
19420	35410
25928	31481
19780	34301
25395	38367
24517	38651
19508	35280
21695	33078
23362	37835
19930	37030
28635	37558
27717	34346
20748	35139
22133	34779
20427	33648
26842	37632
20700	34151
20539	29197
27248	35114
20974	31684
19010	34385
18575	31787
19164	32032
21670	31292
21377	33641
27545	36600
25379	37324
28125	34834
24759	38665
23020	32239
23600	36673
24058	30775
27673	36876
24800	37163
23585	37472
18116	37985
18054	34727
21253	29519
23019	32591
28485	30063
20599	30607
18346	32884
22797	29507
18695	30147
21321	33373
26599	38779
23212	32593
23384	31020
19460	29627
19975	33993
22288	35827
18318	39044
19818	29222
23116	32692
25167	36739
23653	33573
25779	39349
24902	29075
22147	37748
27365	33055
24331	36907
22819	38685
26242	29161
24522	38373
21061	35938
25385	29007
20208	29481
22678	38325
27949	37861
21858	34423
23204	31828
19012	29107
22428	34579
21645	37247
23120	37518
23887	28700
25809	33968
28659	31499
20977	31341
27393	30511
19724	28693
23042	37040
18903	37643
24579	39570
22998	32493
20108	35313
22713	31327
24133	34247
21170	35828
18042	29928
27558	28675
20010	30054
28311	33613
23761	34970
20750	30828
25872	31137
23435	36484
21688	34998
27126	36379
21415	31507
24115	38986
26965	31604
21141	29378
22129	37139
22609	31554
20867	32392
25907	33598
23951	35113
24066	39407
27781	31557
28310	35200
26100	31180
24898	30479
18758	32687
26049	34950
26613	31666
25212	29916
18983	33894
18877	30649
24170	36004
18069	30107
21490	33100
20793	36867
26936	34031
26146	31297
27659	29158
22560	38460
22274	37744
22003	36935
22166	32123
26889	39470
21414	38025
22655	37800
25259	39365
21466	35696
19024	36666
24525	32870
18177	29023
26666	33840
21668	31984
23838	31323
22762	35762
28534	34612
25708	36175
25735	38492
23984	36142
21562	35218
27603	37548
26570	37106
23646	35206
18857	37107
21600	37261
28249	38752
19059	35151
22781	30781
28627	34845
24568	37270
27256	38614
21341	38320
22614	29159
20450	34943
22675	37973
19216	29148
21465	39051
20221	37535
22786	29866
24085	31498
22246	37402
22059	34086
19017	36966
26346	32565
22755	29477
19149	32386
26438	35835
25327	34360
18345	39089
20054	32974
28497	28861
23336	36989
20490	37272
23415	37190
27325	29722
28295	29540
21431	38278
23700	28767
28044	28900
26362	38620
26110	34414
19678	38654
27405	38493
25716	32703
22188	29626
26252	29233
23932	30266
20184	37886
20544	33224
21863	37244
22862	29063
27339	31662
26453	37757
19990	32389
28283	37266
25867	32058
27270	33583
25692	34716
22754	35665
19359	29089
20594	29672
25123	29748
24250	37742
25087	31246
23068	35781
26282	37413
21028	35993
21030	29213
27740	31437
26980	29606
27419	31013
26917	34483
22087	36713
24942	28813
25540	29016
18413	38033
25819	30304
22986	32067
25380	36029
19048	31425
25401	33920
23269	33876
24859	30834
25620	36021
19076	34349
26745	35307
19378	30117
19190	35229
22061	29081
19991	38483
27411	31302
24227	36766
21220	35374
20165	33128
19652	37299
26222	32252
23214	32704
24195	32825
26766	32366
21163	38393
18083	33526
27280	30121
26476	36924
23278	36986
22067	35587
26014	35933
24538	33901
21935	30363
25632	31096
23277	38624
22909	35500
22320	36636
25204	34133
22374	39506
22331	33368
23231	32237
26427	38778
22317	33355
19203	34402
28513	31544
22065	32310
24615	31230
27593	37581
26119	29199
23390	28665
27604	33367
23136	32323
25147	38169
19571	30678
22242	36554
26537	35679
20171	31923
27772	35158
19740	32376
25636	37650
27183	37937
22760	30467
28256	32311
18927	36922
25139	36158
21479	28825
19138	36838
28185	30732
24949	37533
19743	38170
20267	37155
22775	31834
28345	35103
19752	28999
25371	30618
25455	35056
19860	33315
20682	32749
19547	39467
22324	29383
24712	33359
23395	33661
21962	38239
24984	29741
27580	34406
18018	37526
25397	36280
24665	39521
26705	29659
28372	37241
27940	31322
24593	29884
18678	34006
26634	31942
25326	28968
23900	34334
27635	33551
23163	32899
21320	37633
20148	38433
18916	31433
18211	33679
18739	32909
28350	36013
22204	31073
20251	38241
27118	34846
19141	33267
23464	31394
18425	33751
18020	33723
27166	33666
22399	36062
19199	29031
26143	33456
24789	30691
26746	32485
18779	38612
23329	31467
19525	35517
22429	39413
22947	35678
25761	38816
20198	31815
28516	30128
25791	32439
28415	38038
23570	35041
20110	31154
24041	33444
26277	32193
26274	34138
19561	38833
27765	28944
18294	29432
19543	37049
18414	35629
28356	29115
28220	34091
27762	38618
18484	29825
20052	33733
20127	32666
18131	38691
23860	38872
25951	36622
18705	30447
24521	33144
26789	38608
19334	29640
19328	38345
18827	35978
24546	30716
20142	38515
20292	36165
25178	32883
26667	38258
19549	30914
24620	39626
21930	35953
19570	31599
19126	29461
19567	30535
21797	37165
20326	37032
20192	32425
24794	37636
24191	36187
23093	30899
22370	30811
26877	31946
26922	33956
25384	37641
26180	33720
20900	39118
20759	39549
27523	36587
20876	39597
21354	36367
26836	28831
22009	33900
20278	32238
26173	37524
28507	29576
24129	32916
20551	37202
18170	37722
27488	30086
24643	30987
21690	34758
26735	34202
25695	31155
27658	36663
21086	34149
28484	30176
21554	36605
27033	37149
20386	37500
20819	39448
20095	33683
27958	37289
26523	32613
18636	32953
19670	33640
21381	28898
23622	31193
22922	29209
20182	30734
21225	36983
22531	30729
19828	38637
24627	36005
25106	33327
21132	35550
25981	35798
23579	36863
26678	38283
28314	29452
20922	39423
25490	29133
19701	35525
18997	30779
19905	33356
22016	29907
23676	38191
21873	28859
24814	35728
27641	38138
24202	30697
18680	32257
22949	37585
26045	29366
23785	35542
25124	39023
18382	34795
21664	31674
25473	29279
20503	34459
18902	30367
21101	37216
28386	39211
28587	32246
18399	34011
23169	35412
18072	32464
27347	36313
24322	37353
21568	29858
22814	34071
23130	33177
20672	30501
22846	38896
28291	29124
21423	30893
23031	31627
20930	37621
19307	37162
23137	31597
27406	37884
21895	37997
21117	34439
20971	35383
23132	36801
19238	38387
24237	29827
25896	36648
23409	29503
20937	30592
19868	39564
27235	39183
21569	29607
28652	38226
21818	34597
26036	30758
22153	31859
18693	32623
22546	31152
21305	31493
27030	36644
22950	33673
23347	32718
24109	29943
24732	29409
21680	32113
21612	34843
27587	38914
19989	28962
27395	31945
28239	32214
24909	39126
22702	38229
28336	39249
27584	30349
18661	34067
23769	34947
19226	38371
28401	29450
26857	29811
28361	33830
28194	29144
24308	32932
22283	31643
21452	29431
20520	32571
19853	29945
18637	37217
22948	34827
23173	39452
20741	37245
20870	29840
25295	33080
28492	31008
24153	28701
21809	38168
19782	30422
21279	37188
18994	31258
19390	34099
18292	36427
22806	32631
28221	32712
24033	32300
26912	32595
19055	32745
25332	30267
23603	32469
26191	36842
18630	31867
22501	32181
24590	31884
26306	39137
18920	30257
27617	38900
18873	29554
28199	33084
22669	32219
19744	35330
26646	39065
28551	33663
20178	37013
21278	31618
18755	32467
24943	28816
27805	28909
24913	32021
26809	29641
26351	29696
28357	33156
27500	32785
19769	36212
19871	32563
19341	29646
18918	33887
20654	31236
19019	39457
23928	28801
21542	32161
23694	37677
20923	29234
25503	32904
22828	38088
18103	32624
20895	35863
26411	37718
19066	30312
21420	35638
27045	34957
27588	39421
18526	38683
22553	36943
21041	38876
25430	34733
22173	29017
18802	32097
23820	35507
20106	32946
19706	38720
24690	34169
26797	35466
21419	29292
21265	38546
18754	31880
21121	32548
21770	29711
18081	30951
22394	34053
25523	33436
26649	35511
18354	37475
28054	37497
19854	31673
21346	30725
19491	36538
27168	32221
20186	39473
28521	29700
27044	37916
20017	34557
20995	38927
22567	31579
24480	34476
22287	29529
22165	35594
24351	36933
19476	35088
23500	38076
23630	29116
28639	33866
23837	29015
26135	30311
18745	30991
21411	37109
24447	35211
28081	37782
22557	32098
21638	35532
26056	31305
23357	38107
19023	37249
28505	37601
23638	39336
21212	31569
19388	32598
18537	38064
26294	38980
25070	31398
26994	35684
18684	31037
25244	35912
19695	32809
21412	34692
24002	37315
27746	34650
28570	36243
27238	32379
27619	39067
24315	28950
21246	38442
23915	39344
19717	37465
24996	37560
24034	35351
28210	38070
21644	38600
26894	39225
27628	31531
25690	28750
21914	31167
26869	30079
19751	29912
26079	37290
20284	39374
19929	37635
23268	34888
23388	32459
27479	36486
20935	29752
21610	32457
23983	38899
25234	37138
18990	38647
28381	31468
22395	32898
28337	31100
20765	36518
26815	34543
26283	29430
22612	32556
19877	34503
22111	36703
26440	33053
27187	28879
22505	33873
22670	39158
23496	32163
22536	39332
19529	37366
23569	36822
24185	37711
24104	37007
22268	36299
20578	35901
21934	33418
22689	38153
20430	33937
23023	30230
18467	32115
23931	36387
23164	36973
27043	31642
26363	35178
19932	30083
26032	33258
28163	31265
26263	37172
26395	34590
20650	39059
23698	38717
18523	34949
20632	33149
27713	30413
22638	32999
23880	34707
23708	35916
22222	34581
28439	35431
25187	32377
19509	33802
27046	29760
21589	34148
28229	36787
24150	31227
27859	30985
23444	37230
20261	34804
26157	30534
23502	34517
23921	36819
20667	29156
23604	34939
22898	33390
26245	37070
26544	29055
28322	37246
20664	38686
27733	31345
20583	33728
26691	34875
28281	36534
20482	35579
19373	33539
28377	31744
24073	34562
28488	35831
23377	32164
28202	29867
28616	30686
21749	39014
22672	31570
18109	36870
18869	28795
20166	34038
21702	31116
27866	32680
23034	36136
18196	31176
18602	39550
28373	37702
26361	34595
24003	34559
26958	30278
27850	38621
23518	31317
24446	32775
26843	31251
22171	30503
20014	33019
20590	33807
23810	31734
19329	30826
23542	38386
25388	39267
25924	39154
18053	37017
22840	36010
24425	33854
18410	36669
24628	30774
24482	35087
19230	31482
21166	33057
25083	39618
28342	34365
26820	34121
23968	37775
26358	29386
18933	37856
22083	29097
25202	35363
24156	37637
23180	30555
25383	36734
24799	31710
21897	33110
19653	33033
26633	33821
19689	32171
22785	38265
22281	38045
18430	32604
23522	29078
18191	33520
23514	32956
18356	35547
26285	35667
21658	33623
21817	29096
19558	29095
26541	38859
27698	36818
27252	31687
18546	29413
27763	39315
28257	28942
25393	33677
18450	31204
18656	35450
22198	36871
24678	33398
28654	29005
27770	36797
19105	30375
18332	33707
23380	29789
27084	35111
18929	35758
19432	29001
25335	39169
22024	38675
26911	38161
19175	35162
25629	29167
20157	38662
28443	33083
19049	37036
27610	32837
21069	37391
26003	35726
26217	29106
19087	31354
27680	30880
19487	35416
25938	31728
20798	36626
23321	37566
23029	36031
22974	30201
20861	38281
23190	29761
18748	33925
24090	36317
25979	33074
24427	29728
23534	32986
24168	29585
28374	31381
27155	33318
24475	39444
25078	30846
19613	36444
18793	33538
22280	31222
20575	30835
23202	33385
26630	36612
18959	38445
27465	38580
26485	34444
23043	37417
25769	37772
26153	39419
21010	36682
19850	37602
27481	36701
22169	35078
18568	37044
24838	39333
18662	30980
19767	28822
25815	38733
28384	37550
20879	29593
21157	36397
27216	35214
23908	37728
22989	38304
25517	36047
24822	38412
27152	33952
24267	33825
24167	31541
18463	29401
23063	32094
21119	36678
24382	38154
27835	30452
25149	31017
20428	35270
27310	31310
19777	34238
22534	32782
18716	31091
22579	31209
27505	32433
22002	33533
24697	30865
20778	34032
21631	31352
27937	33984
26542	38850
26862	36118
18824	39255
20041	28955
19707	33971
22519	30435
26580	31626
25836	38022
24680	37015
21767	35830
26597	39132
23613	28779
22506	36104
23535	29080
20659	39013
28473	34735
18625	34773
24740	34981
20877	31690
25933	29002
25834	35526
25254	29024
25377	30374
22902	36939
22590	33638
26743	32049
26164	32346
25770	38913
18891	39454
21168	32978
18136	30198
25641	29709
23685	38299
26602	33479
28538	31213
22354	37674
19540	38196
28040	28880
28496	38307
20191	30787
18407	38971
28092	31761
19416	30752
18304	33219
23482	31886
25619	36631
23986	36039
18023	32694
23851	34256
26737	29572
26041	29935
26001	39262
25591	35799
19641	30909
21576	32124
25352	29429
23927	35465
21258	32793
25300	38679
25331	38184
27370	33271
24144	29883
22372	38642
22038	31754
22508	39238
22448	35850
23485	28709
20966	32587
28575	30615
28599	32111
26576	31745
28495	34829
27462	29995
25562	29121
20683	31644
24825	39160
22660	31057
25321	31372
18567	29305
18843	28706
23636	38536
24077	30191
21126	33619
20456	32165
26145	33013
21582	37045
27874	30999
19781	39213
27723	32507
24589	32879
18694	29848
21997	34424
22359	30031
25230	35314
21066	29341
27191	38935
26526	29329
21228	38878
18749	33077
24372	32424
19535	37095
19084	34880
28017	35522
25387	35964
18059	33246
20464	37069
23011	32003
24407	32567
19381	37085
22356	32500
24596	33748
20833	28807
18174	39236
19201	34093
22841	32451
26195	31312
25628	31543
24708	33237
26501	39095
20696	36256
25410	33044
26205	32566
21111	34020
28154	33266
27785	34748
18721	34659
27081	28820
24969	38016
28398	28682
27415	33463
19955	36452
26720	31086
19954	33214
20494	39010
20050	34850
23710	35201
22311	36258
25425	34594
24436	29101
20432	31196
25720	35236
22979	28972
21143	32780
26882	30800
23016	35822
28158	36416
20472	30707
27517	36794
21413	30300
25972	36820
24744	33997
19813	34187
18197	36446
18419	31560
27782	29299
20175	29734
23973	37506
22355	36747
19039	35548
24419	28988
24239	29551
22273	32460
22978	36257
19552	34765
23181	34749
21651	36693
23440	31722
21808	35304
23995	36813
22680	35779
20291	38883
18001	38590
18910	37313
24266	30840
25665	29406
18706	33665
23102	39480
24254	36485
18387	30097
20116	35588
19888	29693
18085	39300
20728	36847
19050	29355
20958	33749
23850	33334
27076	35986
18672	34141
18991	37898
23848	33160
18111	31943
23786	30354
19239	31833
22773	31101
27439	29253
24451	30661
20338	32222
22036	34895
26028	30747
27093	29114
23159	37993
27656	30003
18393	36454
27454	34466
25890	35120
18512	34255
18183	38631
23207	36164
27714	38757
18335	35543
18344	38296
26081	30974
26120	37132
18388	29403
27908	31254
23299	32580
24588	28751
24224	36497
21455	36480
28544	35118
26293	33995
22189	30628
26781	31605
26035	32886
22306	36540
27649	33243
23463	37377
21097	35486
23667	31814
18769	30842
21686	38749
23732	39153
18973	38049
20264	30776
21480	31879
23594	29721
23083	35049
20407	31206
20411	39536
27880	38629
23325	31068
24000	39622
20828	29902
23546	34660
19094	31551
24047	30907
27414	34088
28628	28934
18936	38819
26038	38391
25072	35223
25329	34045
21076	35778
18954	33221
18551	30414
28647	32247
26062	38643
20873	29522
25246	36333
22674	29248
27213	30709
21370	32401
25085	32642
27260	36882
27236	35787
27229	35855
19892	36660
22462	29527
18704	34688
26689	35767
20666	36720
27417	33192
19726	31102
25241	33348
19550	31062
28312	29764
20197	34085
18528	29334
18593	33816
18281	34345
24403	30921
27052	36133
27601	31183
24716	28678
22697	39458
19043	36959
24260	32605
20297	36209
19548	38233
23351	38108
25080	33022
19100	34521
27009	31767
26246	36991
22914	39313
24218	33173
19044	32199
24204	39598
24176	35053
26833	30052
20622	33758
28331	36733
20094	31158
24118	37597
25224	30008
26794	29218
27870	36680
22392	30430
21136	37876
23488	34147
24044	31854
23303	38289
27719	34917
21447	30276
26021	36063
20944	39441
19342	34792
26953	36565
20145	31941
23479	31820
27612	37920
22648	33710
20859	39580
21792	34531
28658	37131
24772	35714
18846	38597
22477	31958
24547	32984
25530	31169
21229	39189
23422	31756
25476	29211
22175	28928
18772	36419
20491	36312
22404	36773
23750	37971
27576	31463
26708	35164
24375	37505
19124	38977
20015	30696
21517	31329
24633	37914
20053	39362
26747	34005
18133	36567
20265	33400
18391	37344
26644	34332
22048	33235
21037	30888
24534	34166
21998	38716
19805	36249
28093	37123
26413	31717
22492	38723
24837	34951
19958	34769
22212	30927
27618	32409
25143	36897
19278	37578
28471	39105
19243	37743
18866	29567
26730	35210
28251	32717
22070	38952
22631	34819
21298	32060
22450	37724
28148	30662
18865	33908
19538	29264
21860	30348
18181	37291
21905	36366
22878	31807
22375	37940
23457	35264
24317	39041
21191	34257
20727	35309
19157	36795
22424	39299
24353	33012
22013	34641
27453	35769
21760	37619
20104	35905
27694	37706
23110	37998
21195	37067
26636	33195
20176	32952
23177	31603
27132	38768
23162	34125
25307	31244
19760	33911
22853	30960
23142	38351
27814	30575
24099	33507
21885	29059
28238	30015
26297	37789
25830	34218
25077	34416
22659	38650
23248	39018
24964	35609
26749	37097
27182	39514
27040	36568
26990	32001
21283	39578
25958	38095
28579	34605
25312	38776
28211	32873
22158	36903
22993	32347
25750	29685
21911	35533
18242	38499
23213	35917
23609	30744
25764	39651
21241	33330
25753	29189
24829	29896
18613	36761
18034	37401
27897	39212
24049	28939
25839	39589
28368	31749
20133	35738
18013	28726
28049	29390
20346	38932
21771	30460
28506	30127
22907	35430
21733	32615
18025	37803
25725	36182
22514	36281
22232	32676
18402	31996
24426	30012
18701	38523
19952	38955
27640	35116
28394	37100
28083	33635
22556	31045
20803	33809
27999	30043
28124	35825
18813	33236
27403	38336
21400	34912
20628	37696
20373	32716
19683	32574
27800	32973
24970	36003
27702	29183
24681	30175
19979	29316
21893	36537
26964	35373
23382	34883
22894	37945
21044	29851
18172	30124
27416	38291
20881	35619
25796	33319
25457	33169
23919	36066
18548	36810
22566	36840
22297	34542
23327	34446
27518	35418
18330	34142
27111	38843
23631	36740
20062	29561
26632	39226
26071	30282
26424	39604
22892	35740
22634	37108
19168	32955
22694	38577
22369	39303
25075	28714
28548	32815
22307	29019
24274	34298
20101	30281
26703	29820
21347	30740
25250	34176
19911	36119
25308	29423
24711	32019
25563	37902
22045	37490
19981	39008
23561	36992
27032	35602
18539	34326
18372	29947
25992	32773
28462	39106
28406	38973
23982	30761
25626	34284
18500	30554
22090	33587
21722	35415
28411	33199
21888	37487
20223	31975
27990	36627
18135	33297
24580	35562
18061	34331
18820	29981
19656	37143
23805	36364
24339	38824
21433	38007
27585	32561
23778	34078
19999	38131
21449	39594
26017	34632
26322	36100
18288	33486
19496	31283
24519	38703
26416	38694
22587	36232
23817	38903
21675	36113
23331	32803
25698	28987
20552	29223
23783	37924
28060	36760
18605	36579
20299	36616
20800	34239
26961	35294
24404	36035
21375	37603
22772	33922
18464	32951
19054	29387
23330	36977
25849	32698
27019	34721
18609	34047
25963	34383
18383	31951
18904	37649
27409	34318
27021	30188
28302	28827
21360	28752
18653	35086
25897	29380
20528	39098
21461	39253
20698	32509
23223	34127
22034	33885
26802	31948
23634	36608
25571	39625
22640	32743
27082	37121
24157	30626
28113	34550
22555	31933
22342	30861
23290	31014
21142	33201
28645	33706
28164	34497
23948	30032
18263	30011
18341	37736
22653	35936
21071	29282
22200	34343
20234	29975
23615	29011
25304	32012
28389	34248
19793	33602
18876	32182
20129	30520
26976	37287
19867	32943
26952	29885
20954	31659
19174	38086
22498	33967
28222	34039
19551	34392
19478	31136
18260	36392
23397	30491
20344	31030
26686	30457
26712	39577
18761	39638
27089	38706
23705	36476
21036	35940
25497	32272
20573	29882
18256	33927
28530	30038
26973	35342
22834	30872
26166	29978
27388	37079
27376	30123
23468	34240
24075	35262
20918	36018
20060	33698
19358	28730
22079	30469
27575	33688
27614	32689
22398	31273
26639	31934
21389	36561
18161	32380
21977	32679
21418	35909
19939	31453
21127	29798
25347	33786
18505	33718
25569	39390
21598	33524
24826	29361
20703	36671
27240	32435
22529	38671
20460	31737
18696	39605
20399	39373
21750	39138
18152	32260
21435	39259
21520	33565
28434	35166
23688	37872
22842	37869
23781	38512
18252	32844
21460	33295
25531	36015
26203	34587
22826	37388
28285	31748
19413	37213
28014	35875
21816	35748
21407	31504
26387	37184
28405	37452
27633	36375
21271	35628
26827	37111
25305	38849
20466	35355
26434	34440
23866	36811
25948	29535
24600	32256
22337	35325
23497	37154
19676	32198
24662	35518
20571	28733
23426	34781
25681	29104
24986	33331
21605	33114
23754	32681
27538	28787
21138	33704
25303	30336
26939	30290
27512	35400
18449	32983
24929	28742
20336	35750
23304	31025
26247	33413
28289	30963
25134	37297
25858	37880
18801	33593
28490	29702
22896	35228
18222	33433
22474	31826
28431	35520
20969	38983
23890	30050
27531	29966
18130	33555
19747	35026
21850	35861
22275	37068
21023	39586
28241	30296
23320	35371
27540	32985
20489	34116
19692	37495
21029	39642
23519	32473
21501	34243
27220	34442
23506	30823
24493	32345
22088	36691
26930	37340
23801	37037
25595	35481
25719	29665
28296	30609
20048	29010
18738	31094
20233	30145
26487	36918
23243	29756
23372	34395
22639	35570
28000	36130
27432	29586
24810	39439
21512	39614
19225	36823
21481	39494
19964	34563
20361	36132
28275	34609
24843	35852
20087	36470
22544	39368
28033	33852
23974	35589
27701	31289
19086	29967
25732	36384
25670	37771
24727	34364
21701	38934
24121	33965
24096	33435
21031	35102
26654	30863
27368	37624
23356	33208
19002	37080
28155	32253
27929	30860
23949	37404
26674	35154
28003	33755
27375	28917
25025	30352
20557	30777
20107	36479
20404	35123
27643	35421
26704	35440
20743	39640
25627	30224
26626	33606
23558	33740
19827	32026
19063	34464
19849	31056
19693	33016
19572	35479
22025	32544
24498	38579
23662	29424
26524	39151
21785	38253
26332	38312
22521	36083
20580	30171
27135	36056
24038	32057
21129	38798
27541	35921
20899	38531
26549	36121
18307	38820
20239	34842
22144	36359
19484	29807
24760	38835
21244	30672
23992	36315
20103	34156
27786	30272
27560	29437
20380	35834
25472	36405
27277	29623
18084	29210
18981	29497
25762	33443
27378	32629
23758	36998
26406	33594
22014	31500
26648	38446
25757	36499
21805	33245
21064	30721
28438	33544
27446	35879
24655	32153
19541	36203
23424	35790
26675	30074
20822	32042
23037	37563
18104	33957
27873	29230
21625	32192
19622	36606
25767	30494
28604	32725
27896	31588
24957	38526
27556	32053
27905	35297
28582	35099
20332	29485
28227	30946
19519	38962
19713	35608
24989	36398
28578	37075
27712	36524
22822	29044
22405	31299
26885	36607
19101	34057
28184	33335
28641	39579
26107	31191
26783	36277
25150	38822
21618	29973
18225	34668
21920	38599
24776	29852
25710	36615
25062	35789
28375	33806
21027	32546
24584	31409
24795	31219
19421	37352
24479	34920
24132	29206
21293	35709
27227	34836
28270	33279
26061	30620
21923	31641
18517	35502
20962	38298
22611	33915
19785	38416
26375	38587
23143	34770
25920	29719
25168	38799
23195	32208
22160	30902
21342	32834
24173	29257
27766	32390
26046	35199
25319	33438
26861	29177
26621	33344
27250	39012
26627	32675
25421	34955
18791	38943
19606	35862
18622	39231
21919	32686
25317	28708
28122	32671
26333	30945
18786	38237
21332	28926
18675	35489
18179	38216
21647	37671
19492	33066
27543	34745
28101	33525
24882	37867
26883	39501
20353	31730
23495	30869
18159	31359
25701	37655
26598	32820
23279	31415
23047	36588
24474	31339
23087	32129
28246	29426
19477	31002
20932	34410
24724	29237
23940	34051
19289	31089
18798	36976
27029	37134
18667	34838
21237	37509
24478	35054
28362	29742
19654	33175
18351	32120
27281	37755
24490	30639
18564	30923
27885	37478
25146	36971
28601	39478
19621	33518
20230	35736
25156	35105
27042	31161
23959	37016
24855	36968
28055	38074
27572	34952
18122	34674
23815	34898
27364	33024
18148	29286
25837	35036
18601	32701
28353	34017
21571	37725
28224	38892
18611	36240
23334	38263
27246	39145
22517	39015
27933	29411
20711	30411
18958	32442
20366	36906
18340	29887
19579	31617
18733	38530
18808	34724
25811	33004
23455	32335
28453	32040
27428	38522
26612	37922
28109	35923
20754	37504
19366	37048
27987	32529
18746	35985
23872	39322
22703	38862
27750	39187
18451	36058
19245	35614
18851	34162
18728	37025
19259	35386
25684	36221
22769	39428
18421	31901
27554	36692
23423	38306
21586	32422
18720	29731
18236	31628
26513	33631
21235	34726
18579	31392
25765	33527
27889	29135
28304	32174
18882	35853
18709	30519
19056	36403
22357	29143
27823	30793
26779	37899
21001	33500
25968	38761
22220	30682
22499	31471
18403	34493
20832	29894
27012	33669
25847	35996
24406	30911
25980	31160
25423	37928
27894	32465
24379	29629
25444	36618
19943	33081
28602	37852
20766	33459
21194	32740
18326	38130
20986	34400
24542	38793
19691	29547
22748	39354
21366	28739
24592	39517
19118	31373
23612	39178
23809	35473
28419	38137
26831	32033
27308	30136
19327	30064
27597	32747
28508	30916
23077	32028
23337	31747
21056	35016
21483	36676
19936	37715
21953	35829
22818	28773
22924	30708
23104	38293
24103	31395
26695	30634
26243	35514
26141	29145
19009	29169
27801	34924
25260	30943
22482	36328
22930	36987
23884	29597
24282	36044
24856	39237
27254	35814
27263	32307
23715	37292
22303	37187
21547	36885
25090	35021
18953	32138
21599	37382
20461	28808
26670	33323
20701	32416
23614	30913
24514	33611
26585	33188
21838	28777
22684	29579
20057	29304
19901	30988
18632	38978
22229	36913
19418	37185
25798	30029
24751	33646
18478	35551
25623	30820
25509	30149
25096	38875
26455	33778
18906	38297
27679	28674
20817	32349
22740	30146
22867	37339
25257	31494
21047	37871
26009	28977
22314	38910
23937	33264
27495	33578
20441	37173
20448	39214
19526	37753
20025	38861
21319	38825
22942	31253
26215	32776
25109	36807
25229	30425
25353	38758
27392	39108
20164	31489
27063	29220
18584	30438
18825	31184
22138	31344
19638	38406
19797	38982
18456	38157
20220	36079
28447	32338
22257	29835
18640	36022
26176	33354
19985	35112
26924	31039
26421	38243
26709	35364
21616	29803
21083	33851
18963	35950
22870	37302
23447	35599
20562	35300
24146	36374
22723	32179
21262	37447
23089	35534
23560	34075
20808	36677
21496	37629
22527	38574
25021	37328
28517	38848
26854	33375
20306	33115
28346	34170
22856	33314
26592	38911
21161	30203
27718	29056
22396	35462
23430	37804
18600	39220
18472	37567
23659	36590
28472	35890
20956	33843
19250	36386
20067	30822
27503	37078
25165	37136
28503	36450
28552	32258
24653	32031
24086	32411
22348	35027
18507	35777
22444	35969
19001	36958
26552	33087
25403	30847
25223	32878
19626	36493
21711	36592
18362	39576
28338	30656
22816	28810
19840	32510
22309	31314
18347	31874
21588	35347
27061	29109
19219	32644
26226	35224
20323	35390
27932	37918
23056	31715
26264	30536
26454	37189
26179	36206
19734	38556
27976	36963
27510	30302
19425	34976
24569	34502
20119	38156
18771	38646
23882	30126
19976	39083
21526	29703
24661	32056
19375	39402
23531	32047
26060	37066
25927	38755
28069	34518
24325	37720
26871	38998
19236	30314
25738	37379
20387	34589
22402	30480
28608	35988
25414	35987
20641	34269
26068	33711
19686	36070
23657	29799
23084	36686
26082	38423
18163	36265
21322	33662
27884	29801
24189	29942
25634	37119
27706	29697
28150	39573
26975	37099
27264	35144
21217	35596
20004	29872
25171	34029
26739	34767
21769	36343
25671	30451
18956	33117
26767	31129
20202	30553
23187	31529
24998	29771
27293	35803
27564	35854
24940	31606
28400	32585
27895	30603
22207	34832
26926	29590
22617	37947
25521	37888
18489	28755
21793	32035
22731	29984
27003	33200
20468	36006
18985	29433
23863	32664
25577	30933
19515	32370
23286	38193
23907	30096
25185	30465
21187	29677
26383	38926
23421	37907
18231	33005
21652	28877
24116	32183
24728	38381
25962	38509
26042	29342
22825	30199
28519	36781
18880	37642
27683	31095
21049	35555
18841	31952
23285	37667
22795	37151
22205	36294
24126	33508
27156	37646
25596	32789
20975	33425
19227	30027
20020	35945
22341	36350
26188	34103
20457	35610
27292	31316
27592	33284
23048	39538
19668	38566
23410	34058
18642	36777
22102	32325
23857	39280
19400	38284
18591	31407
22945	29468
28293	29783
28343	38392
22447	34135
18714	33855
21505	39088
25442	35331
18022	33278
26313	31492
18139	30476
23152	30005
18317	38100
25316	31634
26233	37672
20378	28858
22637	38195
26600	31171
26317	32998
26754	36082
18436	29543
22541	36376
22790	38633
22943	36880
22449	32419
26535	34617
22652	37326
23358	36169
23452	34270
23022	29374
23554	29837
24275	30532
24518	39165
24147	33166
24956	37568
25221	31488
18763	30389
25210	31649
27070	37739
19988	31287
27797	31099
20559	37716
24165	39199
19470	30522
18492	35680
22562	30856
26950	38456
18050	36409
22730	34830
28245	31051
24513	37854
20529	30449
25653	36433
24160	36076
18269	36055
26321	36007
26058	36925
19862	31894
24203	38163
21373	36498
19612	34024
28260	37569
25138	34077
28070	36679
22824	38438
23139	37150
27351	38858
26807	32071
27977	38046
25705	39477
19128	30262
19948	30743
20086	39075
28308	38996
24877	35805
19445	39293
27290	36685
22101	33591
20153	35741
20972	35137
23263	36329
22646	31408
20227	34869
22351	38851
26133	38322
18169	30741
22578	36553
26998	35989
25088	33076
19719	29249
27912	30843
19826	31898
18543	34065
22442	38635
25555	38035
27404	29123
26359	31440
21255	30867
24892	32927
22151	35234
20686	37921
20695	31414
19325	29927
25726	30264
20919	30688
18284	34764
20625	34629
25483	33705
19298	38147
20631	34145
27401	39001
27838	33471
19034	34397
22855	32606
25862	36267
26966	34927
26125	39366
22763	35131
19493	31225
19320	33513
25263	38912
18712	38175
22642	32072
20524	34942
23687	34783
20555	38557
22833	32351
21674	34401
18230	33045
24895	38786
20348	34190
26023	33878
21910	31810
19604	38721
20610	33409
23626	39369
28531	39194
23317	39021
19274	34600
27177	39290
23910	33651
19129	30378
18483	34934
19886	33713
18570	34604
20783	34709
27632	35670
20931	28794
20154	36457
20467	37984
20181	33226
20068	37556
26201	29699
22661	34016
25541	30007
28317	29396
28264	31910
26099	33860
21500	29376
24851	37102
20643	29778
26047	38096
20556	35424
20315	28784
22209	34079
19142	33672
18358	32954
25056	38544
27172	35039
23145	38740
23403	28973
26519	28761
25672	35711
22512	38922
18502	38676
21948	29048
26239	29208
25990	34356
22040	37662
18633	29358
18005	36722
20630	38543
23892	33179
28171	36782
24310	34720
20534	32384
27561	28838
25047	39432
21316	34463
20840	28891
21726	38879
20486	30293
25643	30132
23665	38576
20228	30468
25338	38028
20047	39525
23822	30416
22185	33540
25175	29653
22338	33255
19313	32074
27441	28803
28265	31876
27524	36920
25074	34986
27864	36469
23399	35880
19554	30324
20066	38220
27903	33571
18027	38672
19020	31172
25042	39314
27472	36345
26237	37418
27839	28886
23260	32471
28037	36529
28232	33682
21343	37541
21734	37369
26557	36564
20024	37561
26865	35252
19036	34573
26472	30938
19957	32767
22203	32632
23727	35894
22097	32069
18562	29621
22391	30163
23869	29595
19281	29181
22439	32913
23155	30690
26933	33399
18915	30148
20421	37348
22484	34122
24762	30859
21621	32027
18409	36467
24623	31781
23647	39641
19037	31298
24836	33634
22480	29484
26722	37741
24084	35081
18143	38113
28006	32688
27120	33211
19611	34180
19167	30116
26978	38209
25438	33892
28204	30190
24952	36684
23040	38419
26131	36710
21824	30506
25454	33946
27666	36471
19031	29818
26311	38282
23707	34282
18004	38204
28454	38784
24682	38098
23885	30466
19841	30669
19913	36965
20721	37177
18559	32739
18952	28790
26769	30393
28072	31351
21684	36623
18378	35277
20395	30714
27989	32577
24869	29459
21057	30837
19517	34872
19576	39376
22131	35523
25549	32741
21537	30599
25039	38271
18503	35455
26629	30706
26489	38203
18306	37383
25449	39346
27108	32438
24860	30233
25582	38989
23289	34399
20355	37206
22413	31689
27651	30498
22935	28785
20712	39627
21145	38908
19290	34680
19268	35571
26981	29645
19319	37630
19709	35244
26382	31330
20702	32400
23311	38537
25282	36533
26900	32477
18154	34741
18823	39338
20077	30689
18718	33197
28022	36624
26343	38380
21879	31320
26070	37946
24290	31869
21054	33051
18282	38584
21156	32099
20668	31735
25723	31081
20823	39025
18082	30976
27148	30180
21705	31208
24210	31905
27642	38894
24948	37777
24102	37072
27031	36808
21802	37385
23874	32660
19616	28766
23398	34728
18792	38054
24629	35877
27255	29343
24827	39112
19415	39052
25995	38099
28429	38459
20996	37976
20032	30875
20708	34791
23021	35747
20422	34865
18814	35642
22055	35541
25820	36980
22436	28892
21506	38841
20815	38469
21294	36687
21739	35184
26594	38578
21188	37477
20847	32394
20134	38692
23322	33919
27700	36331
27544	29994
22157	32627
24918	30608
23580	29669
25865	32110
21348	29266
21833	30384
22923	38272
25429	35575
18986	33223
24297	35046
23045	34916
23825	30931
19684	29012
20294	39499
18007	34309
21181	35641
28382	32640
27550	38732
19154	33123
20424	34996
20554	31015
19738	39043
20469	33719
21272	29079
20225	29808
28600	35013
23618	34081
21391	31540
18907	34317
18380	28692
23467	34652
18818	31816
19949	37427
27438	30870
23782	30067
21108	38449
26459	37608
24455	35703
20019	36919
22874	29271
27437	35691
18003	38563
27875	31418
27109	38684
28134	39429
27644	34277
20135	29784
18660	39119
20173	31334
27020	33419
19424	36290
19978	36166
23275	31865
23605	30273
23109	33580
24632	36383
24828	31146
22053	33052
22593	29917
19062	38871
21578	32046
26733	32135
27271	34415
28617	33073
26859	31563
21472	39520
27574	29040
19395	30529
26785	34354
21543	39055
23123	31075
22115	33039
26993	35976
18431	31974
22571	32966
25656	28719
25314	31162
20581	30558
24212	39537
22636	28878
18510	30453
20249	32388
22037	31593
20375	29853
22457	33916
26989	29340
21927	29250
24765	37460
24459	39006
22353	37436
24122	30370
25866	30462
23751	38133
22419	39463
23475	31962
21527	37458
24414	34232
18265	34004
20674	38390
19339	37461
24875	38385
23448	28986
22328	31991
21870	38452
25293	32552
22091	35731
24883	36964
20295	28806
24966	29240
25751	36426
27715	31082
19788	34545
25593	33298
25613	32833
28237	35640
23922	39283
18835	38396
18089	37160
26144	36357
19716	37208
19240	32750
27623	31153
21538	35915
27153	34588
25610	35388
20088	35459
23898	36107
23842	37726
25188	32639
26101	29517
19483	36460
26000	34879
18128	33086
19133	30629
21260	36400
26707	38519
24699	37957
20410	30630
20409	30319
26391	35258
21535	36610
23985	29153
27266	32637
23853	38893
19521	29455
20646	36649
20694	31841
28182	35903
21865	28975
24906	29524
24761	29362
23770	32492
22483	36034
21579	32020
24095	35122
24946	37975
24656	35008
19937	32308
21441	38194
23098	34591
24486	33289
22068	38244
21747	38066
26448	37831
22812	39378
25142	32140
24020	29047
19919	33966
19920	29277
28598	39608
22570	35837
21539	38006
22334	31012
24500	39275
19401	34621
25198	33455
19333	28756
27412	29105
18831	29652
20965	32415
20591	32374
26492	33124
21728	33853
23675	33469
19053	33831
28297	30331
20136	32682
23532	32343
26196	30114
20137	28857
27163	39636
26426	31223
24076	34292
23427	32159
23015	35937
21800	37376
24606	33813
27843	36011
18427	34754
19632	35019
26156	35654
25208	32276
24959	28776
26390	36412
22150	39379
26620	35958
21399	39260
26531	28778
25192	35338
20459	39523
21436	36092
24885	32774
27494	30310
24089	29243
19723	29824
27854	30733
20530	29207
18993	38828
23462	33626
22123	31321
19458	34306
25186	29322
28179	28686
19825	34509
22371	36552
18691	38929
19721	34095
23895	36926
19194	31909
25900	30192
21387	37476
28424	38426
27867	39286
22594	31651
21681	39508
20487	39034
27196	33229
24639	34092
23690	34752
27807	35645
24174	29446
26458	28910
19148	38925
23127	37238
20902	29457
27954	31069
27996	35332
23867	33609
18782	32921
26138	32607
20905	35634
22112	30895
18132	34403
23105	31295
23583	38115
22903	37948
20205	30458
23811	34784
22082	33203
24042	34358
20762	35643
19950	29180
22195	38222
28564	34510
23141	32432
23002	32536
20257	29715
27883	35449
20612	39502
23199	37906
26175	37614
20771	34995
22161	32601
24781	34755
22788	38700
18444	31935
25462	29128
23473	38152
27014	38457
20565	34833
19330	32501
24304	29049
18596	39240
26142	34027
27010	32857
25182	29556
22015	30342
28036	29936
19411	31405
25102	36346
20368	33658
25492	38031
21257	37828
21650	34876
27188	29765
23017	36804
18110	37264
19646	34678
21761	29687
21184	32381
27387	35007
18481	32971
22187	38227
24468	30150
24070	38613
21498	34391
19681	31612
25807	31924
20109	33168
19607	32935
18878	35710
21440	38997
25510	34989
18980	31358
21718	36144
24879	34152
18518	38264
22679	34968
23420	31053
19915	29053
28087	39347
27877	33460
25673	34192
27341	38810
22533	30471
19773	32091
20034	33888
26030	39026
27756	32930
19356	32154
20609	36268
27490	31600
20235	35108
21315	29469
21026	29716
24330	38223
24101	37801
19377	39567
27313	34136
25417	36539
27175	38128
27721	28669
27005	36134
18298	37824
28187	37012
21974	38418
21787	30151
28208	35867
25611	39192
20188	36334
28056	31954
20314	28957
23683	37956
23499	37842
18078	30009
27207	37695
18533	29735
28562	34026
19966	30161
22421	37428
27053	37712
18687	35305
28605	35048
18682	35360
24092	36425
27862	33309
23935	35150
21450	28771
25261	36248
27901	35436
22071	36234
18947	32290
19810	36641
26389	29933
25676	33772
25844	29744
20655	32187
25776	39217
21533	31055
22397	31609
26515	35155
18408	35318
25463	35406
18150	38750
23808	35498
27738	37815
25460	38844
19029	35467
18531	33823
26340	34260
26641	37962
19624	36832
21442	32476
21575	29069
19556	32430
25666	29788
25936	38124
22403	33794
28636	29671
22964	35539
21772	33275
25177	32216
19973	37375
24172	36269
20492	32942
23266	29838
19344	34527
25019	29065
19589	29757
22543	36914
19032	34009
22592	30141
25001	37927
18125	29289
20219	38075
25831	35949
21045	38638
21944	31109
26040	33780
22759	36696
24467	29239
19123	33585
26132	29495
26777	36459
28408	37322
26167	29447
20796	35821
27663	36581
19649	34193
26584	30645
24418	34941
19135	36396
24298	33534
20830	31211
21013	30788
23003	34623
24437	35944
28076	36763
25441	39129
25863	39057
25336	35788
18251	33810
25733	36198
23953	37298
26473	32281
20979	30509
28021	39532
23845	32044
27549	30934
24847	34069
21776	36369
27508	37698
18987	37983
21263	38542
24062	30073
22270	34477
18120	31620
18557	33105
24059	37648
19906	35191
21940	39254
24443	32650
18147	32277
23547	33732
23714	31589
21723	36030
21636	30936
27455	33001
27259	33827
23178	34337
25082	33061
18067	37386
21743	31307
21336	30292
28560	31733
24941	33846
18951	38408
25396	29318
22884	33320
21491	28786
24938	39103
25518	38073
24844	30926
21288	33871
24603	38710
27119	36831
23352	36952
22035	37454
23306	33085
25752	38032
19437	30024
20636	36442
20303	31294
21205	39279
21062	32421
21574	31677
23154	28757
19030	28882
28059	32787
23976	34961
20917	34377
19845	34214
21150	30631
28483	36195
22502	38057
24413	38037
23118	38259
19181	35873
24198	36368
19967	31595
25594	35138
27149	34490
25982	30517
26302	34656
25098	37470
21221	35719
18264	30871
19008	34639
24226	30848
22665	35295
24927	32472
25274	31090
26814	33034
18974	37616
25408	33747
19647	31596
28005	28913
19705	35712
26067	32385
26272	37779
23147	35704
22883	33934
24797	32518
18302	37316
20936	31704
21284	37519
22554	31139
18337	38339
24186	31630
26378	29163
27925	30076
22329	35334
25374	39204
21768	36235
27692	38242
21457	29632
18459	35732
21721	39140
22443	36009
23033	29117
20883	33523
19486	39209
20420	30719
18580	33139
22962	35121
20085	33317
28013	32914
24971	31960
21875	35392
24924	37122
19694	35238
23316	29134
18521	33265
21280	33776
27322	37003
22373	32735
18276	39324
18737	31986
27426	36776
19170	29642
28039	34140
25213	35438
19393	33346
19271	29983
19553	30135
19210	36293
22291	32259
22486	28695
24753	28819
19462	36414
22656	37853
24566	32929
24409	39206
27295	37868
21896	38938
27776	34479
25137	36049
24190	31534
28050	37443
25740	36040
25030	37839
18443	29009
24392	30482
19481	36279
23816	35878
23449	37627
23368	37193
19514	34725
23963	32440
20940	39124
23184	30426
21978	32225
27420	37949
20596	36770
25808	31335
19776	34930
24422	32426
22441	39447
28075	35683
23061	38807
20889	32708
20406	30095
27974	36990
28010	30440
18210	37110
26914	37615
26284	29303
24516	31868
24484	34822
24641	35321
19348	31766
20143	39318
21881	38481
22410	37626
21306	34436
21903	30258
26650	39493
22941	31670
19878	38507
18881	30006
20660	32474
24598	33452
27982	36275
23946	34200
21751	31060
23823	34445
26059	35315
22333	38030
24343	35672
23513	35515
20009	33347
22807	33483
20757	37399
27626	33592
28226	35040
21008	30347
28038	38510
27035	29511
25585	37400
21880	38611
19662	29905
20618	33437
25288	33729
19423	32266
23759	29045
27950	32967
26335	33566
23507	35356
27352	32375
24307	35322
20277	29399
28376	35089
18065	36225
24005	32961
23975	35266
24192	28737
21251	31517
20807	38933
27193	39058
22062	36746
23717	38212
24520	31443
22266	34857
23668	32468
19921	31182
26890	30493
23281	30528
26092	37420
27975	33353
22742	35261
18895	33159
24872	34188
18594	31156
25973	34139
25461	36060
19898	30398
24561	32963
23032	29076
19651	37785
20784	31311
26512	38774
24862	35145
28420	30106
27737	33767
22367	37531
28349	32757
25495	32453
19983	33206
23859	30572
21088	32158
19977	34117
24142	33625
28593	38863
20864	29584
23962	36453
24581	35772
27311	30791
27836	31369
24899	31573
19795	30365
22315	32200
19351	30679
26494	34983
19819	38521
24611	33380
26129	39250
22605	35633
22789	39381
27474	29899
27831	31027
28200	35690
26710	38895
21199	35512
19763	36167
25073	37794
22657	30105
21179	32543
22629	29073
22893	34812
23606	32062
28632	30925
19347	34112
26011	35715
19598	38791
21559	31276
27444	35117
22323	36168
24507	38606
18241	38414
24214	38303
20013	34019
19527	31760
18112	39146
21653	28817
21091	31532
26172	33811
27257	36932
21774	35979
25372	38704
23161	36332
24558	32795
20064	37463
22916	32279
18789	30213
19790	31203
20886	33075
22776	31422
23453	30650
20250	35650
21936	34848
19610	36556
23879	32133
24767	35563
19503	31587
19677	37312
19440	30655
19352	33548
21204	34890
27329	31432
21755	33205
24350	35695
25845	36231
21566	36125
27049	35149
19500	31809
25466	34390
21563	35035
23323	31740
18406	31195
22602	38945
25568	29768
22282	38125
22408	31758
25810	29420
19764	30993
22072	38072
26774	36944
19345	37950
27682	34505
21296	33098
21753	30459
25960	37239
26262	34074
22308	30673
18277	30394
24686	30387
26022	32240
23505	28792
20310	35724
24709	37274
20724	39388
22028	35413
25324	33222
18889	34105
22136	31446
27609	34320
25825	37759
24878	37707
20415	31561
25320	30537
27720	32068
27022	37987
25236	37194
20593	33358
18350	35637
20370	36738
24907	35739
24213	34054
22210	34828
22032	31965
26214	37182
23025	34129
20773	31602
23831	31813
26324	38348
24314	38838
23425	30298
28646	38217
22019	37673
27174	38641
18047	36931
18886	38398
26109	39510
22143	31545
20531	33321
22284	28971
18268	30797
27354	35560
26460	34296
18171	35475
26183	33586
24787	29337
19003	29673
22823	29550
24961	32560
25691	38923
21073	29842
19783	37592
23719	30513
28409	38538
24891	35810
24431	35247
26318	36096
25576	33547
24670	36051
26770	28849
19941	37532
28451	33766
26394	30320
20908	37896
24842	30667
20125	29219
25526	34797
25060	31863
18643	35783
21190	33361
21946	36969
25298	31447
22330	31533
24273	31036
18925	30720
24373	31346
22682	38180
25225	36106
20286	30996
20079	37242
19340	29613
25339	33107
23310	29991
18437	31391
24631	33930
20764	31835
19951	36043
22992	33422
24602	37604
24452	31773
27328	32280
21198	35582
21913	34314
21570	37986
28277	38420
25621	28814
21632	29758
26449	31024
19306	34577
22563	31261
18787	36114
21867	35080
25151	33233
28446	35153
19750	33730
20345	29201
25782	36889
23081	36890
26532	31455
28146	37279
25930	35962
26280	34937
22496	35749
20746	32814
26085	36716
26955	37732
27320	29720
19708	30748
24784	35611
26830	32336
19640	32589
23941	29922
21828	33990
24219	38674
28523	33183
25368	37210
21856	32339
28387	35537
28186	32024
28364	29598
25228	35613
25910	32770
25730	38655
26587	37609
18616	35096
20943	32874
26934	36853
25609	35186
27317	38562
27542	35682
23693	35756
26813	30855
18480	38010
25197	31590
18452	36255
18048	31893
20767	30786
25061	28783
22313	34084
22908	29293
20987	29526
18477	32852
27443	30574
18945	31189
27533	32668
25112	35018
27909	36878
22798	36506
20402	39472
22296	38067
20304	35972
22130	32475
23092	34435
24253	33769
19406	31347
27016	32014
20901	35501
28403	30540
25220	36596
23652	37252
25940	36296
27553	31701
18040	34520
28359	29393
22172	33028
18978	32742
23537	31672
18488	37408
22468	28925
22626	32061
21210	36855
24473	30403
24955	29591
21146	33049
20416	29306
20725	33722
28397	32931
25367	35477
18091	32489
27289	32656
25966	33181
18301	35961
19007	37562
26073	37600
19600	31286
26845	28782
18946	30388
25271	30255
26571	35685
19332	39561
22095	38231
27981	30580
23012	38508
24164	33294
24876	31625
26315	29876
27463	33981
23274	38097
19172	32517
22886	31430
18773	35768
28086	36729
18839	37979
19661	38185
22217	39136
21521	38963
25709	31720
27787	36455
20775	39557
19165	34281
25154	36208
20325	29443
21090	35675
27761	35483
24068	38143
18162	39175
18566	37144
18532	29982
25682	32455
20417	33770
27457	34253
25365	29847
27001	29475
18508	31920
22799	28949
26328	30285
22001	32462
22768	35106
24134	35227
24140	32447
24849	33491
20543	29190
25290	30903
27759	29578
27492	29315
27636	39474
27629	30249
21234	30496
24318	37183
19350	33700
27344	32762
23713	38014
21803	31296
23058	37486
26577	35082
21084	31399
23756	38688
23007	37551
24222	32333
24804	31567
19812	34339
19555	34564
28096	31619
25999	39210
27527	29310
24884	29635
26258	39241
23064	32251
27675	33204
23696	39410
24261	30039
22322	29746
26586	30622
22635	36246
25155	32203
18752	38280
23599	31555
18261	32224
19798	38968
27605	37885
20028	30882
20989	36771
25668	34224
19659	33568
23313	29102
26962	32690
25685	30898
18418	38744
24106	32849
25694	32851
19523	30657
26443	29714
22739	37787
26681	33410
27194	35168
20508	36945
22033	34620
23957	28920
19058	37837
19971	30326
21356	34119
27273	29154
18573	38388
27966	36830
22235	28748
22857	32301
21854	34931
23677	36099
18612	38663
24333	39427
19448	38592
23186	34250
28319	32134
20626	30417
20070	31513
19394	35540
27579	37000
27180	29683
28082	29166
23055	32227
20167	37799
27871	35493
20495	29235
26200	30186
20992	35010
25161	39097
27099	32086
26867	29828
23689	29555
25180	31847
20627	39257
25131	39646
26392	33924
24583	31178
19473	36321
26946	31309
22241	30323
26997	38532
23512	29405
23257	33351
27708	35333
23571	29186
19130	32586
19839	38690
18223	32458
20676	34603
25797	36448
22248	29022
21693	29904
25988	34973
27710	31964
23641	35705
26697	38310
22574	28703
27357	38009
23896	32488
27296	35652
22572	36653
19025	36573
18395	36541
22182	30152
23451	35454
19564	35813
26516	37697
24792	38365
23897	38340
23764	29261
27186	34975
21458	34663
19159	38140
27677	36650
27507	34325
26935	37688
24145	35970
26248	31891
24557	29394
20463	36806
21396	36091
20358	28768
21113	35627
18970	32244
22528	38341
21326	31895
21819	38869
26136	36625
19531	38475
20400	34241
26514	32558
22960	34389
21682	31637
24462	36614
18417	36826
23094	35871
28649	29937
19918	31811
26910	30838
26764	33600
24405	35844
25870	28984
19027	37559
18972	31313
18014	39599
23474	37288
28455	30816
27338	38240
21872	35091
18759	36381
20308	36816
22971	33989
24292	28774
25760	34671
26810	39569
24344	38029
22469	35176
18765	36802
25243	39270
23486	32691
23966	33842
26024	30641
18848	30935
21924	33308
20412	34252
19389	33281
21720	38966
18333	37021
21266	36380
25346	34087
28253	37774
27953	34722
25108	33784
26236	30851
25842	35664
20806	38260
24526	32600
27907	32919
20723	32241
26020	33394
28172	37862
23179	35896
25612	31127
26089	28933
20364	37878
20237	36347
18751	37919
27969	30070
20924	32643
23541	32818
19800	36316
20838	38697
24359	31242
21317	33742
26844	36095
27161	31922
22336	35546
24056	32312
21408	30140
18497	31897
26731	30992
26956	37398
21176	31860
27282	37507
28352	33668
22319	31396
23244	36934
26106	33470
18894	35203
23942	36532
27773	33364
23971	36434
18730	30396
24296	31021
20283	39016
18446	32903
23797	31010
28489	31969
28094	38751
20138	35524
23893	30280
26456	36487
26835	33010
20501	32220
25104	29415
26015	39339
24272	30676
25270	39258
28046	35208
24612	32968
20579	34322
27995	33607
23205	35033
21437	30448
19456	34915
21338	36236
21878	29944
28032	29100
26026	29564
18092	39256
24365	39232
27464	30627
23261	38516
26860	37318
24535	31856
22831	38524
20455	38377
23650	35204
23678	29456
24040	30948
23450	34679
19890	31111
27057	33154
21687	37053
22256	36633
21196	35662
24197	34286
19629	29368
21763	29000
24976	33474
24397	39247
18324	33931
28176	36798
28328	31576
24306	38148
26495	38069
20751	33009
28197	32696
20961	37387
26052	30524
21053	35980
25079	34213
20334	30538
19111	35253
23376	29846
25027	36690
21622	31049
25792	31528
23217	30235
24183	37319
26350	33120
27482	33113
21900	31796
27173	35922
18942	36647
18255	32710
25356	31601
21778	38331
26736	34246
23905	32034
25742	32002
20347	37294
19121	35352
19222	36705
23828	32894
19822	34474
20945	34686
19876	28974
28063	29730
27631	28906
28363	36873
27978	37046
25440	31703
26417	37539
19697	37446
20245	32806
18610	34494
27436	29070
24939	35659
23563	35207
28190	28688
23054	32075
23591	38988
28309	33420
19188	32993
25718	34278
23883	32146
19680	33883
24775	38407
25869	36474
19089	39568
21943	31808
25482	32319
23766	39513
23929	31424
18105	36401
25564	34647
19700	36754
23730	35225
22523	36482
24361	33731
20002	38451
26098	38048
27198	34618
23366	39114
20526	38498
22782	38292
23567	38653
22302	36097
25237	34730
26108	36667
22170	38528
22714	29985
27808	32759
21999	36645
23350	30001
19293	30525
20193	31231
24738	33127
22349	31044
23492	36327
21250	34373
24385	31389
20274	33617
27876	37124
20300	37889
27747	33880
18363	33576
24531	38000
20051	29041
21694	31892
26256	29168
19735	35729
25714	31506
26088	38444
19354	39412
26863	28964
23832	34929
18368	32608
26095	39131
18917	35780
23593	30738
20848	35369
18619	29706
21758	31256
18017	28676
24347	37482
21014	37882
23814	33054
25954	35072
21741	34367
24696	29881
28147	34001
25179	32051
23981	29184
25375	39516
28404	35179
24461	39147
18071	32015
27164	31530
20397	30862
18266	39208
25169	30231
18885	30046
28433	34982
23078	30216
23624	32437
26507	39398
24448	31348
20713	38084
27222	31956
24832	34694
21549	29654
24685	29682
23524	37598
25642	37912
26948	33025
19775	31266
21794	28673
18158	35370
23598	39264
18075	34110
20934	36173
24302	36778
19864	36640
21918	38109
21493	29515
26006	33026
25877	31315
24609	30169
23361	35530
25898	37797
21859	37114
21359	29036
24601	39415
22202	35093
28425	39110
23627	37101
24199	32211
22667	30780
18000	32145
23188	38250
20341	37464
26319	36314
23669	38279
18189	34925
19091	33603
26161	34885
24265	34219
24502	35485
24644	37537
18729	31376
26701	33449
28522	37456
22654	39371
21950	34308
26898	33445
25803	37280
26748	39054
28030	38090
22576	36643
22610	34708
21185	29725
20802	29648
25211	29448
24362	35960
18893	32406
27451	39161
20761	38059
28509	29836
25943	36155
26230	36688
26008	37809
19585	37599
20483	35303
18167	38790
27294	36071
19986	30040
22757	31963
18056	35697
28165	37807
28329	29490
25242	30016
18090	34195
27358	30470
22451	36085
21454	32667
22005	32305
19733	31556
27251	29384
23807	29649
21110	34267
18016	31857
21055	38979
26376	35775
24922	39610
18216	33036
28619	29506
20777	33212
18168	32382
26638	29311
23483	38994
18979	30625
20098	32969
22532	35868
19051	28951
20845	31435
20443	29091
24916	34132
25126	38829
25734	32242
28502	39417
18377	36024
24079	35152
20875	29915
26811	37811
25777	37786
25136	28919
28300	39643
23307	39518
21725	31524
26433	37171
27090	34899
27602	38318
24793	37617
22524	29046
20035	31255
20217	32859
27840	31939
20729	37237
25580	39037
20263	31675
26202	34182
23183	36735
21362	39343
27832	37961
18722	34049
27480	39359
27435	37959
20196	34902
22780	29026
18624	31539
24801	29050
18088	39631
20865	35084
21635	31079
26244	35442
23818	30167
21290	31771
21509	34967
26579	30635
20203	32441
23233	38238
25008	29878
24821	39348
26037	39196
21902	33464
20293	33342
21971	33189
19994	30516
21957	29118
27841	29678
20510	34972
18938	28897
26929	31194
26723	38214
18207	32470
25419	37818
25251	29650
25590	31190
19099	31368
25122	34648
18681	38382
27582	36422
23556	31864
20964	31982
24621	34747
19504	29331
24415	30756
19457	32142
18471	33424
22360	36440
21558	33599
20942	37847
19851	37390
18645	29779
26414	32977
23582	37964
25069	37683
26793	33239
19232	32555
26604	32705
22174	29814
27594	31279
22259	30182
20453	31130
20385	36430
21724	32243
25014	35066
19595	33949
25115	37657
23762	36803
27924	38564
24235	38308
27469	34060
21133	37838
19746	32522
25448	36893
26567	33781
27795	30753
20734	39297
18360	28770
23101	32559
18295	38480
24975	36194
26575	36458
22802	34460
18046	37690
20604	36602
20272	31205
23471	37105
23672	29425
23293	34002
25525	34757
24671	36115
21624	39002
26925	28759
22882	30624
27739	34683
27532	34853
28203	36757
18254	31034
22549	35434
18935	34359
18287	32534
27630	31187
19382	30353
28634	29060
24278	28668
19343	29493
26942	32262
23733	31695
21958	35447
21710	38397
24506	33378
18486	30813
18232	33762
27676	31510
25020	33582
21608	37038
18336	33411
19648	35301
25884	36545
20662	31519
19252	32314
18404	36510
18783	36586
25045	32082
18165	30111
27165	36438
26786	34774
21451	30308
25801	30764
20449	35044
22489	36468
24974	30287
18227	29934
18374	38695
18574	33739
25125	37269
24036	39469
25852	38151
20826	38991
20447	39268
22491	29498
19262	39459
23836	34467
21703	35064
25763	30918
19904	34506
22564	36372
27627	31907
21075	33557
21032	29381
26370	38533
22658	37729
22493	38699
18930	31429
18036	30789
18296	37958
27968	31685
20915	38648
27743	37221
21067	29191
26558	33023
26884	30219
19974	38245
22591	31490
21685	33556
20038	34167
27440	38902
24209	38219
23632	34124
25883	34655
24808	36138
28478	30527
25931	31738
26928	37796
20256	38547
18405	37760
27461	37613
20613	31071
19096	39553
21072	34305
25048	35435
28541	35255
28621	38020
26828	34867
28042	38352
24229	30526
18249	32674
22999	33313
19047	29480
23057	32817
24283	33383
26206	38809
23406	34480
22921	39350
20621	39639
19276	31363
28393	30112
19592	35077
25097	33561
20999	34897
28157	30238
27906	30395
27210	32797
21277	30845
20241	30997
26684	35927
27055	34887
24295	35591
18896	31785
21115	29246
19880	30165
18123	35212
26422	39619
19609	35032
24626	29354
18646	38041
26880	34023
20781	35275
24807	29809
23374	37004
26706	39046
18438	30889
22854	32402
25084	34691
25545	30450
28160	38166
20389	39503
22700	30539
23740	30941
27383	36307
27087	37429
25799	33427
23193	34235
26356	32885
26949	32436
25018	36845
26127	34798
26631	35460
27984	35411
21344	37618
28556	30745
27418	29781
20978	38302
28537	32152
27286	34740
21329	32170
28459	39216
22046	34173
24905	32538
21646	39069
25855	29604
25487	38680
24766	29418
18809	32494
18964	34137
26603	39541
25502	37705
27158	34454
18361	39364
26640	36886
18213	33870
25100	34511
20831	31164
21745	34194
28563	30412
26194	36611
22416	35014
25624	35068
23283	37511
25443	38465
18396	34405
21485	39575
22980	35774
25788	38055
19863	36695
28402	32271
23170	35028
25934	34664
27112	30355
24270	32850
28065	36147
21469	29918
19241	34221
25215	31549
22701	33011
18180	30241
24252	32722
18457	35142
19741	31349
23276	38431
25600	37355
18073	29609
25608	38990
20390	30651
28354	35965
22310	32863
18057	31019
18267	30402
25190	36500
23938	30735
21289	36428
27017	38602
26484	38091
22662	33595
18982	28983
23829	35694
18390	33849
26482	37250
23315	37014
22601	35815
26149	37834
26510	30868
24914	39328
22627	37498
18943	36001
20320	39177
23735	36812
21018	29278
22453	34714
22873	31911
18043	39552
18474	34974
19922	39403
19209	31850
19182	33282
20744	33210
23297	31048
23481	33760
27413	34826
24928	33945
22976	36295
19748	37879
19446	36948
22832	29400
20903	38589
25906	30890
26527	30391
23256	37243
21324	35528
24207	39372
25424	32383
28324	32288
19214	31712
22473	35832
21003	33099
25415	31706
22104	35932
19935	34959
22880	31374
19884	38593
28192	28683
23642	29850
21169	35428
19675	29509
21678	39648
18829	39535
28263	33047
24268	36285
26773	35172
21921	34336
20436	34706
22721	34370
23988	38941
18476	36598
22547	33771
20540	36694
24286	39358
28546	35323
28018	32169
24783	35606
21665	30335
18493	31271
22325	32990
25838	30968
22518	37588
19468	32810
23335	28990
23701	31174
23111	30207
24624	37156
21248	30102
26397	30205
22954	33783
21274	36124
20405	30404
27655	39652
18355	36681
25222	34388
28288	29775
23005	35702
25201	32263
23252	29664
24430	29129
23520	31042
28071	30037
25771	35804
21823	33884
21310	36186
21952	30571
28486	35472
26606	30248
22029	32275
21877	31290
25802	34131
28007	38026
25997	35495
25941	37087
25064	33007
21933	35299
27117	34992
21318	38581
25722	34496
24234	33929
20550	36718
23100	29093
21303	30897
23849	35603
22932	32329
20445	35439
27697	38364
25066	32118
20158	36135
28474	34631
21463	34158
21931	28887
28064	38741
24919	33667
26150	33829
28445	30409
27589	30080
18086	29454
22485	34599
18621	28845
18585	32557
24236	37125
26974	34441
20477	35187
22240	39219
18490	38924
28660	32635
20844	36507
26508	31912
26301	31113
18094	29996
22258	30164
22829	32926
18509	35529
19893	39418
23454	32119
21602	29294
22887	39159
19396	28735
22695	39125
25996	29149
25015	34433
22379	29786
26856	30947
20200	33820
27007	35761
28333	29940
26505	34458
24007	35098
27997	34541
21583	38051
21350	37384
26771	38999
24560	34351
24755	31308
20312	34498
28536	35417
22077	34523
22066	30022
25453	29630
26728	35429
21995	37692
19715	33612
24528	38294
22688	29592
18008	33430
27819	34790
28106	30569
22197	32843
20755	35625
20852	32800
23230	31235
19229	33877
25342	32908
21987	32576
27888	37944
22362	32054
27205	35623
24823	35943
19092	39487
28549	34311
18800	29777
26371	34712
24630	36834
24915	39005
21017	38378
25728	38043
28622	31843
19865	36967
18544	33392
21534	29113
20862	37798
19965	29843
23157	38105
23595	33328
19077	38044
25944	29993
21988	35055
18491	30294
18863	30341
22750	38693
22495	39272
25275	35444
26637	28805
22078	34369
23343	35042
24978	35157
27716	37595
18750	33112
19417	34777
18524	29229
24652	34964
27513	38417
25301	39628
23684	35097
22991	29025
25814	33744
21806	33374
20268	39653
27137	38985
26265	33774
27551	31458
18066	31930
21333	31903
28004	33312
24714	39611
18819	35671
23819	34601
28098	38709
20394	38596
19894	38071
23965	37859
19722	31793
18922	37168
25205	33918
24488	32812
25436	33027
20437	31288
22615	30047
28284	36956
18049	34451
20768	35491
26503	33477
20253	33653
24289	31998
18592	35994
24107	35017
21309	31899
23389	36259
27757	35146
24457	33322
18429	29583
26162	36659
19674	28850
27287	34206
25885	34873
28078	30561
27809	36496
21619	30977
21048	38478
19362	39307
22146	36170
22747	38965
27615	34014
25334	35372
22710	35110
18376	29500
22843	31031
21510	30670
28321	31622
22733	32649
27243	32827
20172	29273
24125	34063
25899	33546
28457	29476
19634	34723
22076	36184
24802	31128
24057	38817
27015	38368
24642	32831
18426	34569
20588	37999
28442	31018
21114	33974
27497	36036
22686	35784
19817	35860
20988	39593
21165	35025
27774	33093
26529	29605
26178	29472
26465	39404
22008	29932
25573	39616
23065	28799
27129	30030
27536	31333
26788	31114
23441	37951
27027	33408
21667	31416
20617	37240
18937	32121
21777	36445
27586	33905
18385	28729
25050	39117
26655	39542
18828	34685
25484	38015
27162	30495
20363	31885
23096	31257
27107	34259
25550	37934
25553	39437
19465	34753
19731	35173
20673	33064
23122	33881
28084	36557
22213	32461
27484	34746
25116	31658
27566	34289
20836	32487
18856	30704
20514	31817
23889	30755
23478	30546
22219	37528
24179	37414
23121	38777
23300	34350
19998	29463
23392	30853
26916	33014
18482	35666
26266	32842
20403	37307
22558	33090
19970	38218
19196	35188
19255	30195
20535	36849
28095	32249
26159	38931
19208	36704
28547	33135
22393	30825
28592	33649
21211	36408
19355	35601
24154	29453
20574	37552
20516	29297
20545	34160
22707	29971
27779	39007
23950	29796
21147	34457
24327	29215
21748	36862
21269	33260
20938	32835
19150	30337
25588	32515
25360	32137
21222	29483
22744	35452
28068	33998
28620	29245
19505	33923
19346	34966
20912	38466
20507	39024
20419	29160
23972	33519
27804	35593
22470	33570
25578	39519
19761	32079
28450	33738
21386	31166
27568	38458
22792	37575
19557	30260
25923	39582
26354	32357
21139	32527
19687	37311
25985	32764
27267	31325
24864	31388
19916	38019
26763	29961
18623	34669
21587	29520
27526	34672
26192	34128
28193	35806
19324	32554
22106	28696
19495	35565
18202	38165
18435	31038
23793	30652
21206	35076
20333	32050
22677	33980
18690	32293
27922	35160
19963	39003
20948	38286
20722	39032
25565	32372
21368	38852
18314	30502
22994	29705
28643	39581
22821	39416
20752	37092
26240	39076
25491	34782
21669	36745
18323	33496
25654	32590
24702	36382
24151	37403
25748	34761
25557	33903
18193	37199
24074	31562
26225	36698
23673	36548
22803	28876
18015	36589
20316	39534
27427	29960
23961	37180
27731	32947
28142	32117
22285	31520
23215	33446
27487	32539
27037	29345
28274	37308
24786	34801
18794	39091
24527	33708
25640	33553
27373	32962
24188	30103
26849	28677
19450	39233
27471	33207
20735	35273
21820	35396
26112	29737
26278	30446
25544	37622
26846	38846
20426	29275
22249	34584
25833	30277
23009	29533
21851	34313
24169	36360
28385	35194
27590	33071
20288	30778
22891	32900
27660	34290
28422	33959
18468	35721
27674	36288
22881	38836
19605	31664
19114	29147
28571	37094
