24406	34977
26107	27871
21324	38379
24411	33766
16085	38635
24774	33106
15902	31024
25972	28945
20635	38012
17858	31533
24914	37460
21009	35118
24808	30856
15900	27493
19803	32508
22156	34315
17423	39271
19732	36589
25241	37609
20191	37524
16931	27762
25396	38708
16184	32086
22415	28085
21485	39217
17096	27798
21155	37843
20019	28117
25559	27814
23523	37625
23598	39501
26407	36170
17703	35607
20427	29120
18290	37585
15146	38008
20728	32292
18690	35167
16443	38248
19604	39394
18240	35335
20349	32982
16643	38528
24204	30505
15129	27353
21295	27295
18796	27669
18463	36838
21789	29101
26380	34697
16549	38245
23908	38969
19842	28533
16709	28309
17755	30196
16393	33094
24718	38725
26020	33779
19269	29254
20998	35639
22401	33357
22083	33786
26436	35020
16883	27280
24511	35712
20076	30845
20058	30436
21562	35144
23722	34476
18036	36711
17437	35980
23974	27430
20039	32667
16790	29285
18244	35484
26270	35174
18301	36669
18877	34165
25200	38032
19495	31338
15945	27759
18695	39251
17780	37737
19440	30358
21528	30531
15906	28466
17815	30333
25671	27676
23167	28711
26080	39126
17050	28164
26411	30009
25221	37344
23480	33152
17451	36548
24446	31263
21358	38082
15295	35179
21356	38427
23774	35517
26156	38750
17208	37081
17830	27880
18322	30570
17007	31452
18633	29075
17591	35222
15911	31475
18885	35146
20282	28865
24201	38588
15108	33936
18279	33449
19547	27940
25480	32990
23070	35630
15072	34001
21275	37175
19875	32958
18821	31295
16377	36253
19410	39333
25153	32558
25064	31238
18879	31917
20043	35341
23396	29385
18516	32123
26412	32439
25806	37679
17307	31422
25706	33638
22931	28561
25150	30020
20631	29521
15718	38935
25698	39018
19698	29460
21833	37833
23397	31354
19482	36506
19620	30408
27110	32152
18006	38210
20117	29217
20569	39020
20749	38614
19551	31691
20317	35616
16612	34783
15573	34578
18446	34140
21717	29406
22044	36076
25084	27708
25984	29857
20170	36728
19007	38772
23035	38370
15101	37672
23339	29264
22230	37053
24822	34263
23562	36261
25796	38222
15013	37201
21773	28108
18068	31640
24560	37680
21707	33195
24891	36195
25146	30255
23277	33894
18993	36046
17268	32495
18022	29042
22711	39437
17969	37835
23166	33649
17646	37037
21305	28567
24063	34195
21997	27846
18797	38981
19745	32097
17808	33173
17244	35898
26762	32133
17404	34629
23291	37869
26604	32272
23746	36164
15766	37170
24649	32655
20693	28719
26229	29998
23045	37675
20946	39393
23878	38657
15857	35888
17728	32977
17336	37127
15508	35757
26653	35995
16504	34752
19568	35193
19024	34322
23311	34937
17773	27326
26470	36266
20239	34618
20299	36243
16725	28743
17415	27378
21615	33998
24632	36504
22330	29500
23102	31895
20916	35014
17207	29530
25220	35464
20067	30100
17455	37544
18888	29893
24276	36033
22640	38727
21900	39286
19786	38845
19418	27575
24389	34956
18139	30751
20072	36090
25674	29812
20844	38040
21440	30581
22563	28675
21546	32127
21208	27925
25726	38624
19740	28901
20996	36484
21058	34425
20000	38564
24138	30667
20677	34477
23679	37690
24546	38559
17862	34226
25865	31379
21367	29938
22426	39560
23004	37002
15432	27504
21838	38476
16979	35858
23971	28387
21879	34306
16199	37571
17911	33565
21945	34668
26605	29518
24510	34834
19283	29129
22226	31234
26332	36917
26945	32138
17469	29082
16851	30170
17150	37739
20602	37569
19200	35648
19527	34938
22923	28438
15659	34379
17943	34987
21047	35352
18371	29443
22916	38054
15042	39539
24278	33867
19245	37083
18992	32794
15158	29537
23942	27930
20769	39520
24928	38335
17968	38878
19278	30665
26564	29434
24680	29136
20437	39319
16214	30237
19730	29792
22074	31864
18655	38372
20215	28079
20658	36472
24800	34887
19234	36790
24977	33178
20744	27800
20475	29680
24663	32827
24274	28369
15142	36471
17907	29624
22498	34684
25296	36460
26017	28823
23539	30367
20583	37006
26658	32884
20364	37485
20501	28183
20358	33858
26595	34141
23129	32315
19384	31420
22321	34474
16070	31067
21861	38002
17178	30007
15526	31041
22127	27795
15639	29655
24887	32623
24738	28298
18789	34143
17856	37649
21106	29603
20447	29396
21999	36748
19179	33621
18971	29363
18405	32883
18517	33727
21315	34895
22617	32308
24473	37514
26756	34659
23395	37668
21995	30813
22944	27607
24359	29223
24425	28559
17067	30807
21845	33533
19891	28060
24021	36342
23208	28175
15363	32677
25899	30241
15276	33192
20989	29871
19220	38057
17576	30030
23077	38359
20708	36751
19210	34406
23803	38824
22458	37378
20866	38932
20859	28426
16907	36944
17724	30423
16881	32103
21156	27916
15340	35436
19630	39336
23624	33286
26253	27691
20952	35959
21321	31993
22598	38194
22975	37216
15474	33849
18754	29511
20891	28198
25288	27595
15415	35628
22218	28615
18060	36864
22874	28858
25229	35605
19441	30372
27070	35813
27083	38241
24277	33414
18640	33218
25775	29191
18774	36654
20634	30108
19766	29994
15556	33980
23811	31578
17494	33341
19834	29849
21237	30738
20610	30253
18083	39484
25313	32849
26570	35863
17926	34018
20002	39225
19289	27636
27153	35590
19581	35267
15916	29457
26354	37810
21081	28132
18304	39356
24155	33305
26088	37541
24333	36600
17982	28540
26958	39631
17236	39000
20188	37608
23288	33610
15401	36229
22192	35885
27068	36701
23692	30142
16072	32070
21721	30299
25826	37140
22862	27905
25804	32208
19852	31340
26117	31359
22896	30874
21724	39112
19815	35498
25348	28641
25625	30548
23861	28443
21040	29271
15813	30511
18502	37572
24888	37302
22066	29454
17572	38917
26862	31576
21921	32278
24088	38081
18178	27417
20716	33097
21966	38374
21206	28441
19805	31519
16627	32320
18013	31753
16468	29273
23321	33715
19558	27646
18922	30884
15954	35909
24764	31706
19998	30361
15173	33006
17017	29167
23753	27251
22409	33594
22517	30613
20244	29195
15991	28707
21668	37305
26204	38963
27160	31638
23905	35618
17973	33510
19765	33216
15679	29983
21948	35866
19678	34478
17225	33843
23484	39250
18663	37503
23864	34901
20044	29220
25568	29474
15855	36688
17405	29268
19865	31272
25655	33387
21728	27710
19232	28044
22859	35143
16897	38413
22227	35186
16127	37525
22803	38033
21330	39114
16291	32329
23276	34856
25716	33893
23039	29601
27007	31364
23020	38776
20911	29826
17217	39652
26475	36332
24514	34613
21844	34617
22170	30149
24301	38722
19001	38716
20633	29724
17482	27747
16765	37271
17194	31259
20638	30329
25430	36274
17945	39485
19397	36756
25612	28347
15544	32855
26339	31744
19602	36252
16809	28205
16908	38518
25298	28807
20047	35055
17587	28653
15640	27889
26652	35513
19341	30600
24667	33708
19406	38555
18667	33400
22003	35404
23073	36217
25827	35512
19944	37724
17263	31191
26641	31987
24356	29286
17913	33749
22284	35163
22510	37895
22067	33538
26986	37750
24414	34117
26426	30151
26438	27428
26059	39050
18646	37492
25498	39269
17450	33458
20972	27443
15179	33100
20857	36029
17428	29975
17665	36369
21934	38515
19600	36653
23016	31661
24317	27170
23460	27788
23501	38793
16707	30057
25511	27985
24073	32073
16668	34046
17735	30050
20888	28517
21437	37173
17130	30233
25135	36132
15717	30903
22501	37217
23194	27820
21972	35658
20346	37273
25499	29014
24150	31179
24354	33734
15402	29263
16180	31137
15884	31275
22266	38300
25417	39238
25379	28448
23929	36084
20310	37601
24810	31949
21427	35254
24098	29544
23227	30201
26812	35220
15788	38363
26387	32453
24931	34149
26779	36295
15219	36067
15560	36882
25885	36062
18472	30192
18673	30562
24397	29667
26256	28331
19556	31057
24979	38473
22945	32774
15396	31046
17304	32491
16539	39260
18902	30791
25095	28310
17193	33944
21813	27469
26002	38683
15307	37455
23534	34983
26913	35631
27050	29157
18684	30672
24586	29837
19108	32647
19634	31184
25996	39373
25562	30448
16469	37527
24567	29863
20766	29561
22537	29940
25925	28791
21409	34551
19589	36251
15953	39110
16762	32787
17756	37177
17613	38260
19347	33104
16322	27299
26732	28444
25807	38235
16405	32235
18099	30692
26611	29331
15374	33372
25445	31000
26884	35298
23247	35919
23338	32160
21571	33737
21474	36370
22782	28340
22125	28109
18958	38261
24953	27342
22700	29527
20460	31577
17211	28545
17363	36874
18627	38273
24845	36656
15393	33925
27022	37318
22591	31567
20682	38591
19136	34390
22253	30907
20991	37879
26914	34493
20355	37317
23052	35086
26614	27640
15546	35122
26019	38039
21056	27317
19578	31279
19444	30849
17188	37342
18344	30297
19111	33468
16842	33412
16755	32339
20515	36456
18159	39430
23059	27938
21648	32847
21503	34014
21903	30480
20813	33470
25572	36464
15678	29487
21864	31990
15413	28643
20008	37825
23967	27217
18757	27191
16067	31306
19836	34353
18959	37119
23481	27528
23444	37230
19158	34788
26755	34549
23834	32594
26794	32867
17053	36190
23695	33212
22680	35021
22389	31015
20061	30580
19583	27242
17359	34906
24153	28012
16117	38777
26247	30395
24874	34191
15977	27312
25866	34157
20440	37945
17480	28169
26727	34204
26933	32822
22190	31099
26223	27992
15275	36259
23331	36624
15014	36521
18957	37689
25389	28650
16268	36378
19813	37568
26430	31241
15233	35058
18031	38454
24050	31769
22465	30063
22979	31666
17383	36008
18720	28584
21175	29856
16158	36219
16501	35725
16402	29490
19255	37538
25694	36435
17876	29828
15775	30419
18419	37039
25195	33496
20126	33154
26140	37888
22472	38396
22435	30238
17137	31755
17639	39410
15390	31903
19019	34508
15561	34548
22410	33776
26566	31201
20622	39387
18679	31882
18281	35642
19359	38855
15306	36423
16437	34708
22875	37499
26484	27729
18243	38691
23195	28147
26361	34364
24601	31125
25449	36314
21572	30158
16340	38757
17920	34822
20980	38791
26269	28276
20608	34237
21181	36323
18753	34808
23840	38455
26301	28446
19991	27194
25957	32786
22644	27274
22447	38120
24728	38501
25710	35903
22573	38080
25151	36980
23309	37331
17522	38355
25933	34106
21378	34081
24707	34378
15576	35859
17382	32377
26867	37113
19910	33156
18293	31894
17101	37193
26737	28178
17884	38982
17733	29471
25635	35816
23148	37105
20619	32018
25388	33763
23176	36668
21368	28077
25458	29149
22833	33367
16671	27644
21563	38645
19658	34469
17153	33328
16039	34763
15083	36785
19380	37881
22694	32732
25176	29050
23209	29638
19727	27564
15769	31844
15889	27876
23031	33336
22883	29541
15270	39215
22541	32557
25302	39066
17708	39328
24965	27370
20680	33526
24280	27789
26981	30199
25438	38570
22571	35889
25032	28313
26666	28702
20469	37695
17781	37245
20348	37861
25087	29200
20592	38495
24000	37576
25510	30984
21342	30109
15656	35688
15827	31448
26414	31771
21099	28253
21285	27894
26060	34238
20423	28786
16319	32223
24439	37730
21969	28813
19407	29179
17999	34651
17568	39025
22543	37824
16954	36202
17416	32019
23425	38214
18893	34178
21123	30013
24211	29048
16523	27666
19750	35070
23023	33788
19450	36031
21896	33182
19457	35416
15186	38011
17149	34231
16763	35685
23134	31321
18825	29440
19719	27520
15369	27590
19866	33083
19849	28733
18103	34883
17589	39473
17611	33340
16481	33854
19216	33954
21649	32163
23114	35393
21523	27609
23762	30124
16506	28303
19373	32767
22381	38675
18845	32481
19567	30378
16906	29013
25175	36947
15224	37444
19446	38231
26764	35955
15722	34878
20939	29025
15719	31732
25403	31345
26120	30498
22043	35382
23340	38569
20406	31983
18292	27541
21694	34227
21012	33654
20195	27919
25130	29627
20982	27200
23179	36759
15053	36635
17696	33913
26466	33794
26586	37598
25891	34341
17322	27670
20478	27521
24307	34995
20578	31162
21553	29326
18996	34573
23205	28455
20294	28100
17782	35487
25837	38415
16327	38748
16843	27698
16717	30450
16231	28713
18082	34479
18131	33522
15066	37036
24352	35598
22434	37166
15752	27477
18023	30245
16795	27554
20830	31532
18972	37771
22817	27620
16455	29811
18384	29903
25343	37272
16902	38400
25137	35116
26920	37978
19009	37443
22603	33566
18160	34050
23995	30619
25108	34186
26797	39466
22233	30939
15686	39537
18764	37961
24986	27799
16152	38410
25536	33620
26288	36547
23261	28595
25861	27892
22096	29833
24188	37255
23279	32605
23626	36995
23713	33297
21466	35612
24665	32031
15325	27532
25394	34799
16241	29908
19635	32106
24128	34385
26835	30765
24213	31604
24067	32098
17655	33424
19005	29593
15850	31449
20400	37801
23634	31847
21750	32128
24909	39008
26908	32166
25028	33353
21287	31450
23287	27393
20675	28873
19682	35794
21459	34559
20543	34405
24553	31762
16116	37636
21066	36818
19782	33817
18665	28421
21836	37925
22476	32926
20565	27566
23153	31377
19519	37156
17179	39366
23645	34393
19877	35239
16641	37629
25362	29663
18317	29124
21119	33267
26688	37498
15029	35802
16610	36812
18949	32757
16540	28190
15050	34814
24100	28949
23689	33717
20438	33486
23785	28356
17521	37214
20594	35506
15277	31857
25173	28569
23989	32928
17688	35302
26326	35787
19711	30306
18561	27769
16887	36160
20549	31141
21018	32192
15253	34891
16404	33453
21357	29844
23975	31294
25138	32079
25207	36607
19566	28837
25626	39457
25795	39471
26111	36780
17811	35569
18743	30987
22604	28018
25753	34989
23900	32969
20101	36093
22622	30854
22673	31111
15349	33266
16956	33169
26556	31045
20986	32651
22853	38325
19930	39427
22720	38655
25446	29556
24247	32506
20670	31059
23535	34677
21393	36517
17453	37523
20934	28061
21019	33214
23742	35000
24421	31203
26728	36847
16929	28965
24666	37628
26420	35394
23767	31302
15170	32781
25858	36620
20945	36634
20767	34786
20045	31789
24479	31392
21376	38106
18600	27724
22755	33285
19485	36959
19431	29723
18593	32190
24240	28068
24895	38803
26371	35272
20304	34463
22830	30946
17928	32510
20702	27654
24106	28630
19013	30945
23068	33300
25638	36898
15989	37348
24009	32302
17218	34068
21635	33582
20106	30309
27094	32456
24003	35627
18394	35050
26089	33972
15303	36794
16063	39409
22650	27847
16838	31966
26134	29003
23547	37710
16123	27422
17961	36791
22471	39627
18693	39413
27087	32845
26942	35362
17825	39353
24379	32533
22275	31654
23899	34855
23217	32609
25519	36528
18903	36239
20420	35979
24599	37605
15927	39210
17889	35925
17697	28291
20223	28230
16074	32215
18841	38580
27009	31206
20806	27581
16556	39557
26394	35045
25778	28694
20512	30163
21233	30564
22113	27480
26167	29328
23163	35182
25442	32351
26515	36826
22828	36496
15400	28215
23786	35942
24999	30862
19652	28487
25186	30467
22200	35260
21157	34817
17870	27352
21924	29229
18112	39548
19659	32211
15037	30357
26106	37953
15159	27815
15702	32279
21272	29525
16287	30346
21841	35716
25014	35466
22639	38530
17922	37761
19414	35417
24267	28827
23944	37520
20491	31860
20419	28374
15750	30265
21304	28193
19639	32526
18772	37399
16499	31539
21154	38535
15667	37764
17519	35551
24811	27322
15010	27235
18476	35705
19767	37819
25400	29076
21898	37235
19104	36039
24552	39622
24475	35748
21683	30544
19769	37809
23793	33963
27073	39407
24722	32987
22164	28622
24368	34255
24410	37147
17802	31979
23401	39143
17704	38452
19150	38847
20125	32044
15230	27415
18410	35408
26348	38328
23855	36382
20710	31694
21555	33718
19119	34055
18211	30877
18364	27821
24702	28665
18688	36588
16657	34897
26635	36885
21104	33969
25385	37506
19618	36987
15381	33991
16147	27655
20031	37286
25999	32069
22816	31504
26669	35115
21390	28525
20504	36845
22821	32978
16160	32843
16423	32894
15760	32405
21846	28911
26943	35171
22781	27806
21259	29547
24946	29564
25500	32205
24024	36619
26926	28098
24871	32859
15701	31944
16230	38096
20940	38380
20178	31721
17861	33361
22250	35130
15709	33960
16286	28999
26721	32626
24606	33771
25985	39415
19141	35666
24754	31429
23810	32354
16591	35886
17463	31995
16415	33993
23420	39299
24022	31748
27137	39566
22407	31961
21549	28883
26687	33605
25876	30256
27159	35526
20095	32666
15586	28846
20745	27172
17883	36245
21346	34044
25155	31808
16457	34054
16962	33650
15749	34142
23754	28335
19820	34705
16744	35451
19228	28628
24998	36604
24781	34221
15759	34880
18193	39586
19507	30880
19284	32590
21316	36305
22173	30072
25962	27434
20499	38831
16738	39588
26702	35558
19830	29651
21510	32935
23165	30343
23734	35215
23953	36267
16660	31255
23313	30465
20994	38293
19557	30172
25792	28790
16924	31821
19214	35023
22682	32348
15805	38301
16525	33343
27028	35552
25853	34794
26680	29597
26143	33537
21747	38983
25369	36782
16614	29181
26356	30380
25783	33276
15449	34835
26024	30737
21375	34426
19690	27812
16833	36515
19114	30516
16174	34945
16303	32872
19196	28358
17052	34447
25696	34349
26409	38687
20985	31550
26053	27474
17734	38678
23661	28196
25540	30160
19396	35428
26336	30105
20070	35621
25712	30006
16794	30463
16802	27344
16185	36661
26054	31439
23019	32689
20124	28606
21722	38808
20234	28855
24890	38956
18826	29425
20395	30836
20613	28578
27049	33242
26603	29479
22843	36742
18557	28342
24828	32400
22299	28649
21872	32645
18353	28932
23150	35168
26599	35664
21027	30144
23984	29097
19335	34420
26646	33314
26634	31893
15492	37364
23298	35920
22567	34151
21470	27591
21283	36225
26266	31952
15901	32788
19233	31696
23653	29916
21146	35829
27051	33787
22294	36590
25584	35644
24495	35138
23600	38949
22128	29119
26215	29790
26822	37415
25073	36401
26212	35934
22758	32954
17065	31506
18147	33187
26944	34027
16107	37736
26865	38072
18053	39348
17412	38558
26043	28384
25892	33733
25686	28727
23032	39587
22195	32890
26557	34401
25187	33296
23001	38636
22544	28892
18052	36804
19054	33269
17750	33995
15937	38215
22105	31963
21866	28971
24814	36465
22593	36766
24651	29279
15612	29910
23241	37167
19553	29218
22705	33581
18603	37237
26142	32575
21860	28587
19033	32603
23983	34437
16140	37254
18509	31517
17379	35375
16171	30695
26501	38574
15174	38673
16696	32792
25281	32446
26866	34519
22093	35007
21899	33279
22619	30396
15071	31446
18643	37561
15882	36593
18482	36286
16575	36027
22026	36797
15201	32701
15988	34034
26811	35782
22783	29058
18237	29985
16574	39613
18277	37330
25167	39061
18266	38812
25404	37512
24580	27507
18456	29731
25797	38666
18432	31754
18867	29007
25631	37134
23700	37319
23686	36398
26715	33231
16731	36968
20589	28410
17515	28703
26033	31786
26506	34213
26833	37943
22383	38647
21022	31093
21382	37929
24101	39141
18939	39612
17492	38742
26440	34566
17497	32181
22388	28371
18745	35733
27116	31972
18554	31092
24105	31026
15892	30575
19949	33484
24648	35217
16983	30257
23182	34022
21246	29880
22734	30815
23724	37425
15463	36392
16771	38695
25684	31629
25322	28550
26543	27459
22835	29379
23578	32998
16157	36872
23601	29843
17320	39315
19160	34159
25165	31211
24988	30229
19918	37476
23749	31704
19515	36094
19720	29063
25174	36105
15625	29462
15019	37352
20100	28753
18916	34900
17123	31920
17507	29095
21980	34592
18044	36127
18997	34363
23230	37788
19411	34858
21983	34599
25682	30628
15563	38542
24056	33606
26330	30016
15021	38838
15486	34785
17321	32030
21362	32790
21471	32490
19258	35400
21608	33595
24694	37118
16665	31499
26744	32747
22769	29623
21402	29653
17275	36454
18738	39510
16225	28915
25774	30510
21748	33837
24447	38118
16818	28428
22967	38631
16646	39489
23997	27557
26900	34302
18434	37401
20171	32870
26987	30406
20529	28429
17381	31984
26904	34806
16977	37618
15028	28728
21949	35485
22495	36068
20344	38498
26624	35673
19192	29529
15543	31599
20971	30642
23945	32729
24923	34558
19892	30471
25573	37827
18716	28767
25769	31756
20929	32534
19461	35721
25332	32813
26220	32664
22327	31309
26800	32268
25009	33929
26729	30644
19945	28505
22554	27961
21897	33521
26239	27181
16768	34233
17563	29766
22870	38540
17594	38001
19250	34664
24853	36168
25406	35957
20621	31004
19085	36536
16196	31848
18285	30588
16719	35265
16980	37697
21210	27891
16050	30281
26122	31303
15913	30664
20811	27196
23082	38713
20699	35152
20962	37923
26061	30994
17505	38601
15162	27917
21289	30985
24683	35665
24533	38464
22115	36810
18337	34751
23928	38411
18894	31138
19491	28565
22877	36956
21856	34404
20102	30035
21170	35331
22257	31863
15596	28405
18110	37187
15047	34946
18967	30210
23390	34698
26962	35150
26051	37808
17306	29596
15798	37213
19927	27953
24906	36205
18697	30983
22630	27334
22150	37793
17373	38184
22180	34542
21075	29143
24203	39320
23429	28288
21303	30019
24964	29139
18567	29240
21968	37560
16691	35985
18552	35681
19883	30161
26708	29970
15371	34028
24423	30460
21587	36965
25554	28834
21702	28402
25875	28937
24824	27335
25475	39508
20505	34610
21548	38814
16296	27203
23382	30540
22974	28367
22860	31743
18726	34925
23409	34911
19667	38561
23765	38519
15111	35230
21985	31714
22121	28094
24245	33022
21216	28176
18024	36096
20914	30755
21732	38861
25043	27197
21480	31681
25259	29369
25077	32382
20733	38431
16308	38774
17809	30811
15637	36764
22886	38596
24134	32916
18056	30125
21554	29160
24717	37603
23476	34080
16830	37212
18709	34713
19751	29445
20746	36019
16582	32494
27115	39164
15922	28191
15863	36368
15222	32342
20024	36922
19972	36109
23976	37769
25750	27320
25272	34489
22254	36238
26663	38157
24217	27699
17725	34959
17844	27784
24564	35076
15003	33548
15671	32009
18596	35181
18530	34240
18675	28269
15677	30235
15156	35818
25564	36502
25640	28418
20227	37472
18286	31849
17954	32962
17386	30005
15126	29925
23384	32119
26549	38257
26824	34188
19421	37904
20216	38130
25112	39041
24687	29068
25328	30720
15739	38584
18511	38948
17867	31421
17314	39506
20624	31185
23048	35940
23509	28861
25479	35869
25822	31962
25905	29284
26846	31097
24413	31939
18704	30352
19422	32584
18039	29156
17741	38605
25872	32045
17272	32085
23345	29562
24122	30146
21754	34427
19661	28863
22360	30288
16168	31146
18515	37440
16760	34017
22927	27634
26362	36856
19997	30422
23040	36186
25260	28139
24055	28115
26194	37556
18526	28658
16489	31003
17195	33053
25232	35314
19425	27667
24146	38252
22752	30530
20141	39463
24558	28625
19034	38503
18411	36583
20814	34360
19539	28725
19793	31086
25590	36110
27077	35439
16938	33824
24714	37798
26166	37920
25036	36730
23642	35497
23869	36150
20189	39326
18184	36044
21630	36518
21793	34722
25060	33863
24407	37224
26882	32196
26559	32330
16464	28113
16211	29401
23848	32266
21543	36840
16100	34534
22556	35509
25212	36374
23991	37903
22653	36048
19110	38055
24944	32611
20462	37693
17559	30308
24230	29281
19323	36869
19496	36916
17122	33020
17477	35125
20225	29531
22888	27633
19068	29741
23181	36618
26008	33999
25441	38203
25834	29052
16672	38648
18427	34004
18975	32727
18553	30327
25960	28516
22144	38715
23986	37013
19466	38583
19115	36407
17478	37073
15051	36773
26057	38634
23089	29558
17588	27665
25239	30938
21878	31814
20145	29633
24600	32973
17332	32903
20956	33134
18088	36715
22182	36329
15168	29887
17080	31494
23648	30269
26441	27621
25966	33979
21539	37184
16922	28065
23346	38856
22209	27586
25486	27932
18341	31585
24934	36509
25484	28033
22873	37726
23055	36478
26796	35445
24483	29175
24658	31083
20309	29969
23233	39459
20488	27786
18100	36055
15412	36309
15935	34513
22706	30427
21679	27895
16520	28119
24165	30719
27093	32591
24789	31188
15139	35729
16722	34636
21929	27207
17544	31817
18723	38717
15531	28351
26401	27371
25502	35962
18445	38609
19863	27718
24076	35403
21895	36642
24133	34811
25401	34168
20880	38354
22298	27822
16698	32708
19571	35175
17550	30593
16354	30792
17271	29356
23718	34009
26991	38310
17177	39456
26058	29904
19447	28458
15484	29575
20768	32078
15620	31859
19935	27419
26452	39154
26454	38088
18063	38281
15359	34792
23304	34927
16440	34984
17247	34441
26252	29478
23318	27218
24237	31311
24430	35817
22658	29539
16863	33765
18954	30186
18532	28922
22340	35357
22997	33390
21410	33295
21959	36442
22599	38789
20734	33542
15688	37755
22062	37775
15478	34526
20051	27926
20833	33553
19298	38437
18966	36151
23328	36154
24818	27256
25392	28635
26598	32475
18501	29948
20090	32015
20890	34863
25859	36133
27081	34199
21429	32449
27154	27546
22024	36201
20518	35121
19631	34590
18217	37309
23820	36468
17714	30036
25209	27934
17041	33836
23018	38010
25702	37870
25444	33899
26977	28227
16969	32740
17448	32052
20399	28689
19318	29085
16280	32779
20992	35553
16676	29270
17047	33206
21033	37754
25766	36337
16151	36569
21540	34082
26236	36577
15433	36984
20211	30430
22264	27651
26551	39619
26799	27663
22004	38539
19799	35756
22364	36681
23906	36372
25973	28006
25294	33977
24784	29288
20377	31155
15467	28934
18145	38064
19437	34604
23982	35291
16589	29313
25421	39497
18706	38859
26314	27879
16595	35117
16344	37855
24220	28048
17654	36924
15924	28120
24372	28045
22641	29982
17355	27489
26508	34312
17114	31547
17661	37452
17525	36162
21570	28283
22012	36339
19133	38848
23259	32902
22288	36781
21618	34442
17394	35003
26243	29581
21990	30152
20798	33471
16891	34214
16173	37371
24308	29115
21282	34035
17663	30621
16841	34760
24642	28168
26083	27741
22359	39102
18429	33942
15283	36080
18936	33224
21226	38853
15330	31608
20784	33585
17059	37944
16974	37160
19484	37381
23846	33619
19389	28800
21196	37274
21150	30393
21517	38469
22801	32653
16401	38206
26359	28233
16971	35043
22162	35785
22773	37742
26757	28434
23918	36037
20388	30605
24102	29420
27155	36960
17143	32312
23117	28324
23927	29132
18158	38594
19355	36078
25846	37400
24493	27845
15242	39157
25226	33563
16997	36232
23296	32554
25516	31959
20120	35208
25841	31104
17066	33785
16594	30181
26214	28514
15585	32391
18402	31320
25776	32298
18007	31090
15588	34269
22754	39591
24576	31310
24532	32789
20737	34663
23049	33931
25873	35392
26826	28502
25952	31419
20893	33093
25921	35906
25882	33023
25805	32620
16811	29428
23402	34025
18288	39055
22494	39296
25937	30483
18619	37889
21914	31430
16162	31278
21832	39122
16775	28847
19000	36942
15428	30410
22943	36416
19655	31875
19239	38630
19986	31269
15470	32956
15767	31205
24162	29276
25252	28361
22063	35784
24218	28343
25311	29225
24641	37837
15006	35632
20612	30136
24248	38376
19099	30904
21770	32743
21893	31122
21254	27314
25534	34491
17580	32811
23571	27286
17414	31683
16086	31818
25503	39633
17745	34252
20981	34670
19349	36637
16644	39189
18438	33069
19774	39440
21201	38205
24794	38919
17760	34818
24952	31856
18638	28145
17751	33359
21432	33690
25913	30316
19818	32516
18361	33374
20066	32409
15476	29465
16638	30042
26584	27512
26481	27714
17560	34101
18291	39590
24797	32324
20968	36394
26970	33871
21784	33805
15632	30307
18041	37853
19870	30887
19810	38243
26425	28631
17029	30028
20660	29486
20160	28439
20770	37857
21391	39638
22947	29407
21547	34217
21761	29219
20797	39526
21060	33274
21594	28404
18564	34471
22094	34511
25757	30641
17843	39027
17140	29608
16545	27163
24497	36939
25378	38221
22310	39193
22670	27755
21288	33234
22894	37781
26916	29519
25610	33469
23604	28122
19668	39649
22590	29756
20691	39454
24750	38822
19261	35213
17527	33549
20514	30085
25026	32602
18101	29573
22000	34063
18028	31493
26648	33892
20714	38659
24422	30351
16472	37930
19524	37795
19372	37236
24688	27982
15881	35098
19306	35982
20596	30500
17676	36300
21102	35013
25255	31871
25732	29932
26190	29198
20717	29894
17258	27749
15018	35281
21082	37528
23500	30750
18843	29690
26383	28748
15653	34903
26532	28912
26857	31971
15189	28483
19051	28032
19342	29358
20197	32791
22766	36571
20969	28825
21687	39151
24619	29028
22099	30833
15425	28201
18901	27338
20479	39266
18091	34848
16976	34352
21072	36608
16904	28137
15429	28013
26935	38756
16163	36657
23654	34793
20284	38783
24428	32059
16621	39087
15315	32535
17617	35189
24763	39525
23482	27336
16015	35261
25546	36841
27097	39452
19616	32549
18127	37142
22418	38044
26155	38775
16203	37974
17783	33333
19159	35505
25156	37398
19989	33877
24935	37357
22568	38478
19329	34333
24384	35153
18392	28598
15252	31998
15332	37706
20683	33869
20079	34755
22564	29656
16488	33194
20332	28660
26105	30285
20927	35401
19994	36963
18904	39474
26894	39037
22702	29950
22648	28030
18830	32020
23486	36301
25737	31391
26905	29799
19217	34923
21590	28916
21820	34691
16204	36028
19011	27613
23120	31902
17461	28766
20851	36276
20084	29645
26749	30924
20539	32919
23207	27673
17732	34172
19246	33485
26963	30123
24615	28845
23565	37799
24804	34845
20909	29876
26823	30209
17072	39609
17325	38677
24420	38414
21137	28803
15057	31932
24322	35878
24380	31584
23006	28212
16750	36069
24709	27913
18170	32261
23453	39012
22103	34296
20713	37194
21626	29011
21387	37386
18934	30712
24813	30846
19748	33609
26878	33689
24347	35322
16378	35793
20343	39284
17286	37486
26154	35077
24478	27989
18500	34949
22397	31805
17447	33781
21801	33608
17219	31336
26123	35413
22584	39607
24015	36293
21398	31299
21153	32003
25276	32423
18422	33545
19847	31393
22908	38627
24556	39600
20730	36367
16606	29952
21581	38560
19345	39623
22486	36403
16379	31133
17528	29684
25708	30859
24563	33724
24074	33793
23274	29988
16242	34569
16202	30766
21715	31433
18989	31915
20645	29605
17565	32563
17837	36119
20034	27592
22283	35890
22744	29439
19238	35114
26591	39062
16547	38688
22485	34951
16041	28199
19195	35557
18259	34766
25670	37438
24408	33488
20902	33551
18535	34351
18831	38704
17104	37222
20696	30134
25922	32022
18121	30150
18761	34797
17845	31484
16879	28381
26775	32314
22687	38985
18466	32918
15208	27912
16749	33746
15437	36994
16145	33646
21074	38113
19954	34430
21931	28074
21775	33729
15804	33072
19950	38164
16311	38835
17924	33018
16238	37902
26807	30514
19339	30129
24053	34297
21536	34862
25093	38191
17196	30298
17799	34057
21774	39606
20015	37484
23169	35578
15280	31712
25018	30474
19792	31841
18080	34718
21781	33358
22966	38074
24207	27740
24229	36318
25497	27794
24297	31252
16596	31053
22382	27816
22852	28163
15970	28451
16240	29283
23109	31337
17251	31356
19537	36439
22077	30002
15734	34411
15780	29193
26099	37277
19177	34525
16579	31622
22772	36116
20778	38141
18982	28325
15868	29629
20382	28919
17098	32459
19822	29824
25413	38960
16328	37767
16724	37107
25521	39458
19759	31444
18176	31469
17683	38111
15854	31688
25931	31750
25683	34644
19564	33260
21973	27246
27124	27465
27078	29037
24924	35918
24515	33138
17829	31999
15838	29788
18928	29418
21537	35087
22427	38980
17535	38024
20285	37210
17910	35372
20114	35728
15887	28933
18342	38840
23508	27823
25171	38286
16263	29121
24345	39197
22528	27574
17004	35424
23427	28372
19606	29202
22655	33259
20020	32967
21920	32853
22689	37343
23293	38976
18599	35751
24561	36073
16306	28294
17274	32248
25819	30464
15521	38436
22399	38483
23336	27508
15343	30011
26386	28680
26353	36566
22081	38017
20196	33233
24844	33955
25488	32744
23915	38144
25517	38479
24145	29780
26234	33989
16394	30336
25535	31641
24001	28187
21386	35223
25139	33757
27029	32927
18326	31545
26869	38892
24197	36755
25779	39443
23431	31765
23725	37406
24790	34111
25046	37939
23076	39541
25437	32417
24373	27886
15519	30878
18441	33377
26809	36449
19771	30523
20407	38493
16787	37276
26366	31905
16374	35981
15244	34039
25042	27874
18081	31827
22240	33492
17171	33586
25512	39406
16508	28433
19387	32447
16734	34185
24681	31298
16563	39001
20932	37574
15530	37260
25358	39365
20442	36628
19257	32804
15447	30918
21121	31142
25069	28599
25508	36142
19302	33997
24099	30866
19280	31568
20963	38603
16964	31349
17765	29953
25720	33561
26379	28155
22743	29735
21426	38766
16654	27302
21753	29681
22349	38467
25983	39651
26461	35615
18579	30660
23556	27828
18198	27719
20413	31601
16588	32904
23892	39278
25965	37886
23353	27548
19096	37876
25456	35039
17201	30292
26858	33917
22779	39301
16945	37128
22348	27386
17006	35278
20109	37300
26227	38444
22438	39480
25949	31382
25237	38287
17133	35293
16747	36551
26262	33355
22491	28312
15968	27743
17089	29872
18395	31096
21519	38755
25530	37552
25717	31487
16857	32948
22831	39280
22234	39158
22775	30221
24489	38507
23232	36914
18177	27400
22351	29594
22737	38811
18102	27307
17239	28515
20319	33754
21835	38397
15377	37687
18540	39124
26850	27325
23838	37256
22178	39188
16751	34655
17255	32713
18479	35051
22483	35486
19851	30980
22108	28092
17693	37172
23226	34825
20626	37671
27130	38282
25958	34695
23245	32939
17599	33861
25177	33197
26546	39388
25416	29865
23021	32753
23327	37735
18855	31865
23047	34535
17141	32592
21727	33360
21491	34452
21981	33527
17857	32147
26957	33288
15190	38165
21476	35259
21520	33235
17757	32796
18829	32432
22987	34790
16106	34202
24610	39367
16188	35300
20323	30258
24749	36516
24334	32579
15287	35902
16514	28264
20450	36918
21743	33405
24227	39379
21152	36776
19253	28620
23616	39604
24077	39292
15971	33127
17055	33589
23187	37521
15999	33330
19105	27720
17317	27551
23344	35191
26121	32094
21927	30078
26015	34060
15736	28603
18214	28150
27113	28135
19509	37115
25118	33784
20611	27935
26135	35887
16144	27733
21752	39257
19826	27671
23796	35005
24393	29714
19381	29717
19012	31051
24331	36850
23964	37321
21213	37435
26964	28256
23085	35692
17034	30788
26429	38346
24516	34485
20040	35348
21723	38973
25816	31525
25722	27653
20775	29017
20416	33298
15265	38237
24529	38967
26427	39528
22478	34915
16516	28311
25132	37320
27025	39589
21004	38217
24539	37434
24313	37225
22123	30953
21823	35587
15088	31250
26691	28146
22358	34361
25464	29493
20308	37316
19886	29234
15983	34123
16366	39196
16704	32143
25552	34804
17545	32200
21192	30560
24172	39614
18141	28318
19128	35030
17005	31907
18861	31457
23220	39182
15220	32131
17339	37249
21925	37055
22932	33407
18786	36030
16518	38565
20548	35795
21642	30959
26505	32676
26630	35340
26434	37702
25005	34133
15681	39195
19549	35655
19880	27495
25679	27447
19281	28398
24355	34262
27019	31081
16052	28815
15644	33189
16080	33370
18569	31874
24945	35803
18487	36326
20812	27597
24737	32304
25234	34514
15194	37815
16474	31631
23977	30416
15124	32168
22745	35324
23956	30960
26891	33175
23267	32109
16389	36255
20065	35617
24405	29804
22892	30823
24116	38083
24767	28975
16110	34386
15687	34148
16517	34088
18668	28602
23570	37445
23057	37954
19640	31267
19582	35481
20654	30954
25001	31227
22466	38698
16869	35932
26855	35004
21366	39308
19894	29660
25970	30247
22825	39057
25208	33062
16688	35778
20108	33092
16663	28285
15455	30769
21988	39592
23302	30401
27060	28697
18442	32527
19573	27638
20970	33041
24158	35473
21875	37526
24177	28143
26497	37914
20165	39187
21435	32891
25727	27288
21882	27175
16218	37261
22727	39097
19420	35296
18336	34331
16282	27980
24559	30055
25268	38910
23879	27947
18735	27577
26667	39084
19327	35754
26558	33238
25183	31690
25143	33419
23240	30155
26468	30184
25074	36940
25024	30928
25918	33666
15847	32206
15689	34844
17111	28608
18142	33021
25217	39579
21308	39621
17248	28742
23386	35646
24194	29924
18111	35561
18186	30278
24779	29569
16250	30021
23406	37677
20336	38068
21868	34450
20789	29172
18128	27503
24584	37564
22353	30829
16255	33051
19187	39433
17138	32920
25591	29577
25101	39483
18210	27346
24783	32089
23924	31394
16703	36079
22133	39580
20330	27568
24176	28037
18884	38962
18251	38443
23568	33171
17046	35745
19487	30359
22685	27927
25016	37537
26580	27365
22007	29364
22660	35173
18114	33245
21336	39640
17167	39118
26184	27199
24587	31408
16035	29505
26292	39496
17328	27887
18459	34875
26675	39335
26602	37602
25811	38377
17434	34402
20439	30397
21686	28469
24491	31007
21138	33685
21351	27440
26552	28521
26947	28069
27066	28009
15152	31361
20463	34679
18682	35943
20944	38369
16502	28618
26742	39641
20824	32617
24621	36514
20738	31276
22723	39300
26699	30559
25597	38409
26063	33790
22436	37899
23260	29074
19725	31473
18171	38761
17761	39165
23283	28955
22028	28194
22806	29777
20950	29343
20530	34449
24416	30882
18728	30805
25247	30104
15341	36946
16463	28066
26955	35671
21892	38770
20881	29067
18568	36696
20828	31277
21167	39513
25078	30662
17330	37991
20975	32497
17719	29400
19701	34486
22691	34831
26289	39395
19890	31926
17698	33060
24149	36269
25342	32095
21281	33321
24265	29859
18837	39540
19394	28632
19368	35877
23502	29212
25969	37919
16342	29429
22280	30894
15515	37946
25085	28789
23709	35711
21645	36936
17860	37957
16362	30139
15541	35867
24757	37059
23319	27523
16693	36784
15638	38250
25244	29840
15444	35868
19180	27264
16625	39166
17010	27560
18206	28236
26571	37955
27000	37017
19677	33010
24656	39361
26320	37145
18496	36739
16299	28902
23489	39421
23266	35662
21212	32108
15572	33011
18403	38898
22728	31173
16459	32940
22208	28341
24616	33635
23847	32068
20219	37971
22917	37745
23668	32096
21756	35306
22765	38234
22444	27817
26074	34156
15117	30488
21780	30014
15331	39109
24569	33710
26859	27672
20598	35606
18804	29955
21396	27278
26748	30625
22129	34501
20006	30323
18923	37337
17432	33823
17628	36562
20554	34320
24033	31801
20659	30902
25320	27662
21696	36925
25556	38794
18722	38432
21132	32965
17975	28447
23141	34732
18654	36592
18389	34638
19247	32415
15421	32714
23874	34921
23332	36832
23155	31130
18444	34865
24726	35128
24505	38360
17302	33395
26052	32072
23224	32608
19020	31570
16109	39079
16497	32523
25997	34920
16429	38343
23014	36546
18079	34462
18109	30466
18580	39233
17514	31873
18396	34958
25008	28952
26418	37860
19700	33857
25366	36437
18815	34234
20870	28334
16169	38735
22252	27380
25961	33109
20201	29411
15017	33736
22116	30571
19249	33634
22229	39422
17885	28315
21363	28038
25728	32309
15231	33641
23610	31503
16988	28617
27128	29728
17281	38034
18866	35991
17933	29377
23930	34187
18229	38868
17897	37223
15064	33662
22448	27490
24630	39425
25245	30558
26911	27310
24488	36213
19207	31228
24513	39347
24468	32218
23037	27549
16554	39556
25953	31717
26574	37532
20788	36297
26821	36867
23069	32507
16935	32648
19126	32746
15733	39162
15743	31807
19124	30801
21379	35420
17027	38821
18129	31684
17170	36443
18362	37622
25617	30504
22790	33422
26940	37361
20340	38566
23422	32775
25050	34167
23619	34870
16288	27324
16648	32524
25010	28304
21809	29008
21583	32271
18146	36283
20354	27479
26773	30493
20933	39500
24449	32758
16632	27410
25451	38460
16577	37062
17603	33714
15660	34284
16961	29311
23256	38545
24892	38357
23381	38832
19350	35870
20684	32177
15685	32656
23440	34778
20415	37547
17385	32282
15451	38889
21228	36438
22797	37604
24037	36006
24840	29162
21193	34968
19282	36679
17146	37839
24450	34910
26455	33862
21711	31134
18762	35108
18874	31671
24293	30851
15411	29384
23457	39184
15903	38907
18349	31063
16432	39431
25852	36362
24618	30261
25164	39616
23685	28223
26041	33928
20883	35244
19905	30653
26801	27407
22713	33864
20428	30620
25238	27481
20873	36868
16435	28717
25528	28994
20213	37723
22930	35124
17682	37705
16882	32551
17475	36347
17852	32873
23673	36597
25637	32889
20597	27664
17865	28411
18420	30804
15176	29528
21579	32799
17256	27161
22270	37238
22950	29088
20752	29238
23356	32805
15642	33883
23592	28962
26610	27185
21495	33512
25764	28323
26745	33612
23894	37935
15893	37821
23063	39645
25022	29150
20800	31151
17730	27717
18572	35097
21751	32006
24885	32683
26740	36228
26804	27999
24856	38084
26153	38712
16822	36671
16840	34359
22319	34994
22697	31802
18872	28046
16233	31317
24236	35543
22959	34305
19791	37647
21039	27166
21943	27777
18050	27757
19738	29352
16999	35696
26265	29140
21477	32035
19186	30772
25468	39346
27016	35127
25874	35923
25643	28219
20967	35823
21629	31195
21413	30452
21541	31080
17290	39565
16175	38046
22021	38114
20923	34634
16503	38154
15394	27601
19543	38870
17278	36505
25799	36340
24530	30684
21024	27385
23970	36328
20674	38897
15511	28877
19931	31327
25738	28657
24327	38298
18098	30742
15300	31160
15360	37867
16519	27648
27109	29466
25880	29739
19827	36829
25041	30958
20487	27978
15547	30103
23891	31700
21425	36674
17495	34966
21397	28822
22432	27524
20864	37367
24551	34206
25539	34872
20786	29305
23716	27262
16047	31855
15990	34898
25693	28462
16227	33597
20445	30714
15477	30587
26464	33217
16418	35893
16623	34395
19113	37549
24831	36163
16705	39620
17012	33473
17695	39486
21438	39085
26786	27226
15461	31616
21606	34976
25936	29786
19336	32028
27030	37250
22442	28662
18245	28696
19521	32357
20353	36041
26421	27650
17772	30630
20850	33283
23030	32992
23351	36296
17237	28099
17768	31095
22073	37995
26034	38886
18641	37380
21697	27451
24736	29417
18584	27210
20572	37086
16360	34585
21160	36388
22247	31404
19965	28157
21338	30350
23053	38938
21076	37030
20493	30509
19263	32293
23147	39186
21243	32001
16003	31376
21103	36737
15628	39516
24962	32610
15097	33168
19760	37462
17667	34410
24182	29184
23211	39318
15693	32671
25257	36770
22058	33872
17134	34091
23264	29554
17406	28170
16056	36921
19802	33826
21257	32909
16919	37163
15784	31371
19472	33125
22187	32164
23613	30015
21824	38199
22159	35145
22810	32319
25214	28431
21797	27454
19638	31413
21739	38283
25609	36385
18484	36227
22124	32818
15694	33262
23717	30379
26529	28511
15803	28668
15505	38604
22405	38651
16570	28995
22647	37121
20410	28531
18120	34002
26766	38462
15848	37658
16973	31511
17411	36001
19065	31243
23641	32615
21271	36088
24034	35951
25344	36182
18859	35483
16349	35347
22130	32087
26094	33935
24386	33211
21273	28389
23439	35534
19202	35297
24984	38131
25924	39381
22684	34098
21139	33375
21584	39053
17952	34120
24985	32360
19157	37413
19746	31471
16290	33564
24652	32652
15751	27418
20653	38806
25158	27567
19914	38472
18181	32880
15125	32726
15213	33119
24833	34759
15035	39420
21384	30529
16398	38433
26325	29886
16912	30476
21930	27751
15834	30906
20740	32011
19936	33546
18767	27283
15322	32663
16592	36978
19844	32766
24685	27588
24435	37551
26601	27971
25170	27803
18783	31445
18165	33860
25666	37333
24743	35412
24997	33996
26248	28474
26428	31829
22502	34633
19176	33273
22548	30166
21610	28105
20987	38041
17144	27709
23674	32734
17841	31060
23320	28778
20121	34272
16305	35285
25329	35434
20754	32710
17175	30717
16079	35425
26969	32966
25076	28629
25414	37910
16920	32082
17361	38045
19391	33841
22988	30776
26832	30320
26594	37510
24970	28036
20609	36135
17652	39175
18369	34733
16710	30118
24232	34545
18740	29029
23829	31418
25942	37660
20078	39279
15416	38599
23093	31315
23825	38585
24346	32378
21633	31470
26521	31230
15039	37179
24452	27899
15188	36920
18836	35066
22334	32150
21310	27500
23357	34969
15080	27787
24456	33500
20629	34944
18004	28708
23683	37233
16608	36876
20791	29339
21194	29469
25889	32835
15928	34348
18253	35060
16130	36171
21538	37589
23797	29448
23275	39426
20688	32458
17187	37097
19664	32722
16122	37812
18450	30636
21507	30272
24291	31782
15243	31442
16099	30189
20087	36411
21669	29414
16023	39462
16210	30996
16524	34290
27105	32670
21010	35988
25645	31348
16101	28126
19412	33541
25434	34439
21086	35746
27069	33884
24103	39465
19508	34940
22625	27282
22269	29006
25651	28047
21529	28930
22527	30494
18318	38902
27035	32237
20363	38514
24243	34062
17746	33170
18255	30040
19197	27538
19208	35457
22869	31989
18586	38760
22876	37209
21586	35017
22149	29591
17501	28103
26535	34134
20924	31571
19003	35594
25325	37481
21636	34194
25815	28314
18192	30496
15298	34048
24079	30451
20280	36798
22041	29000
24602	37313
18602	32455
22366	31890
16558	28484
19676	32646
15368	39644
19459	34380
17384	34675
24044	38066
23933	28211
17107	30686
16603	31982
15041	37430
18348	30487
21710	32037
24266	32135
20038	38424
17020	39547
20785	35367
25367	31136
16382	37947
25470	37859
26514	29810
23994	32310
21690	37402
24585	35015
18175	39274
24251	32929
18261	38295
24664	34494
18222	34689
23050	28417
17202	34176
22374	31174
23365	34409
15471	38998
19845	37942
21348	36136
15391	30787
22838	31950
23923	29449
21232	36601
25842	28423
15748	29822
18746	27915
19122	30341
18724	29725
24996	31977
16793	30629
19647	35876
20860	37450
26281	28292
15319	34064
26563	36909
17813	33450
20721	38173
26707	30110
25912	27585
25301	30970
26050	27272
15569	34926
23376	36971
16831	30122
20255	32055
20224	38198
18448	28083
15068	28819
21416	28690
23374	34816
23751	32525
19015	34701
24803	36152
24867	29206
16583	38085
23809	32559
24755	34907
22580	36903
24603	33652
19376	31752
17060	35975
16565	29090
19016	39168
23189	39558
15891	31281
22678	34047
23438	38736
18489	34265
15606	33362
16315	33834
24745	37427
20168	29380
23583	39352
24973	29019
15842	27229
17308	35850
24526	36319
22822	28152
24387	38899
16179	28277
23630	39482
17801	35815
17763	27553
21063	32737
24080	37659
15036	27431
18672	30484
18407	30313
25565	34033
24916	33835
21364	29483
24442	34960
18016	38152
26474	35126
22160	36529
24753	36111
24318	32000
17299	32633
19621	35865
22015	34970
25154	36427
21514	35479
19707	38428
19713	27260
16805	31001
20063	29574
20538	30532
23614	35269
20774	38419
19331	34654
21262	37138
19691	33396
19651	30008
22540	39089
17677	35105
19109	33000
26625	32529
23467	31270
25293	37738
23678	30694
15698	32067
18780	35131
16921	34594
15481	31600
17717	29060
16313	33455
17365	32991
20146	34000
17556	30534
26342	28316
17532	35197
23836	28262
18238	31943
17581	39073
17656	27805
20949	30741
24837	32228
15446	31183
16309	36717
19221	28862
21827	27727
24125	37480
16186	27956
17226	28524
15122	35378
25903	33530
22339	37308
15103	34533
15936	38435
17410	35199
19773	34608
20381	38269
24762	32654
16094	39030
25109	34094
20329	36189
25928	30113
23119	32365
24499	29587
25560	29433
15910	28950
23677	39378
18648	31423
25907	29991
20176	29763
22496	28880
24382	37665
20519	34128
16237	32418
21589	38801
16355	37669
20689	30659
22148	35110
22534	34006
19775	29584
15329	27929
24854	38189
17957	39213
18333	31964
22155	38104
21256	37711
17289	31360
22136	34267
25148	27269
22246	27867
23513	27306
18475	32036
22322	29410
26907	29831
15472	35441
23640	39146
19816	27690
24398	38318
23359	32017
17658	33879
24704	29064
15203	28853
16190	28814
18950	38880
15281	31888
16084	37416
16139	29251
16028	39192
17375	29012
20386	31951
26829	29210
26788	29841
15012	30767
20579	34261
15382	32578
23758	29902
22306	29199
21191	30520
21713	38619
24911	39206
23815	37507
25492	39411
17709	33476
19408	34893
24769	35216
16025	29734
18610	39132
22612	34301
26583	36351
17506	28255
25938	39156
15587	36364
21834	38964
16600	30250
21502	34716
16958	38399
15304	32007
26976	39174
19670	29399
17872	36273
16032	36964
18694	30536
23269	37169
21550	33880
24060	34888
18701	34155
19436	30964
15888	38425
20429	30302
15440	39004
23372	33135
27145	38013
22324	28158
16753	36718
17994	38551
20077	31025
23844	39259
24527	30017
25900	34251
24863	34049
26705	32770
16718	27921
19112	31039
20872	32519
22789	32721
25059	38738
18133	36444
18711	38809
25998	35997
22994	27231
17470	37878
24637	28538
25897	36550
19502	31609
25987	36215
15907	29758
16656	37351
16336	28829
22736	34273
25616	28816
20403	38804
15666	34810
25316	37615
16121	34180
24255	30052
16528	31745
22656	28779
19544	35731
23606	37052
20679	37678
23322	36026
23690	27319
23801	37496
16684	35063
15022	37756
20937	27205
23369	36169
24462	31552
21057	28518
26395	31946
18185	28871
21214	35583
24729	27209
20453	39096
17796	27683
17422	38353
17853	33494
18915	32186
16770	29712
26899	30899
16806	29949
24225	32479
20243	32075
20584	32254
17172	27599
20096	36192
17822	37431
20644	32878
20546	35907
19642	33322
26994	36350
16877	34660
21906	27783
26975	37304
15113	38499
23521	32401
25689	28637
16521	33803
15793	27701
22780	32471
15153	38625
23896	36159
25308	33201
24396	29930
22962	31170
15272	36355
26808	28412
18860	28414
21595	38767
25180	30999
20436	38099
20790	32151
20576	37242
17638	28106
19182	30148
21236	32161
20190	31402
18196	31838
22075	34908
21806	30761
16694	36935
23125	37583
19993	28900
23998	39380
19171	31614
16576	36908
16732	31342
18653	36559
21006	36821
23914	29963
19821	28840
23263	30935
20366	32798
19117	35977
23857	36585
23252	32565
21092	35228
27114	27827
24672	31837
23477	37794
24542	27186
23772	34871
25428	37871
16381	31375
18953	28596
20661	34373
17238	30268
26349	28928
21532	34129
19047	32836
25550	28321
15241	31705
24629	30951
25741	36527
17996	35897
21569	29201
15245	30515
19148	37646
20632	37049
25202	29858
26806	33046
23649	37111
27018	34791
25593	31773
15558	35169
26445	27996
25787	32331
26257	34024
15611	32547
21737	38350
25831	31793
21794	33932
16578	33325
17132	36740
18320	34472
15070	27765
25317	38623
15930	32033
17753	31158
25600	28388
26912	39021
20694	38094
19266	34767
22460	28886
17759	27955
25402	32345
24976	35776
26131	27882
25277	28131
17630	28062
25992	36125
25491	35325
23684	37772
24288	28220
19025	33376
24772	30735
15085	28695
22453	37307
17157	28642
17273	35243
25013	27641
16505	33172
20220	29676
22025	28591
25038	34175
26701	29164
18470	32984
22018	34174
17356	34843
27132	28345
25646	27510
21796	39445
16221	38115
19988	33354
22504	29308
16289	38386
20910	33198
15291	33223
27031	34445
26433	35495
26066	36831
16272	33363
19360	32202
19526	30556
21526	33246
17215	37578
20840	34520
20842	39078
16113	28365
23792	33101
21902	32778
17586	39035
16533	33130
21319	33466
26487	36289
19985	35830
22452	31204
20111	27990
24981	28894
23771	37029
20055	35881
23144	30631
22546	37866
17441	34337
24097	39091
26389	31689
19236	28891
16876	30459
27027	32158
23200	33404
23281	32344
20664	33671
17805	34431
21994	35343
17738	32842
23348	36957
18546	28265
20503	27300
21205	34641
15601	36839
22970	39267
22251	33071
20884	35831
15228	33205
24117	29646
17672	37586
16194	31224
26435	30001
20205	32060
19063	28039
26113	39268
20247	33029
20606	37072
24111	35911
15460	35054
17551	38912
20604	38244
25439	27355
19189	32326
16639	39241
16965	37022
26834	31645
16943	36830
17670	30018
19983	37826
26350	36185
15344	35707
16730	29702
17669	38229
25006	34052
24852	27462
23237	35834
17028	32034
24432	35488
18791	32010
20898	30777
15196	33033
26343	28782
15336	37555
15025	28542
21863	30310
18417	27766
18106	32288
15823	29700
22805	35279
24112	36582
15448	33767
26193	32642
26534	34407
15545	29030
16143	35564
21850	34492
18968	30944
24900	31163
15334	36933
26027	29046
20022	32337
17445	32815
21171	27593
23943	27981
26231	34885
20152	35290
18986	36091
15389	39010
15150	36636
24907	38103
18681	35783
26465	39544
15812	28399
19333	30649
20781	37423
19623	31720
25405	34961
22273	27234
24381	30775
20701	37760
26619	31698
27095	27552
15651	30689
25847	38740
19721	29309
18734	27456
17930	39249
19946	29987
17966	38097
23152	34815
22357	38349
21165	30491
17641	31580
23307	28043
15445	33464
23459	32340
22477	30682
26995	32858
24744	37429
21371	32407
23889	35471
16986	34335
21464	35984
18366	38190
21840	39583
18598	37880
21439	33558
23755	39212
16034	28811
21821	31880
20259	28667
20093	27211
24043	34661
26971	28875
24016	34399
19724	37054
25944	37565
22864	29398
23935	33213
19357	37759
22848	33161
19185	28025
15132	39127
20085	30091
23417	39472
22482	32905
22493	36235
15647	33418
16679	38941
16281	34690
25828	34440
17731	36988
21693	32178
26877	30353
19311	38457
17573	39653
23503	35041
21003	39040
18115	37846
15480	28235
21084	29619
16078	28148
21023	36752
17570	36777
26471	34499
19904	36271
24008	28172
20918	37295
19648	37099
25242	29322
26848	37263
25923	30322
22730	39038
16743	37011
25459	37410
23757	33770
19277	36561
18247	34714
15794	30485
16573	31581
24538	38330
18352	32185
20858	30812
21500	33688
19449	31171
20370	30082
19641	31594
27151	37651
22184	36320
15994	29378
21064	39323
15216	30724
21814	38275
20362	29866
24864	30010
20486	39303
17906	28568
22698	30597
23652	29116
21318	30740
21862	35941
25340	34924
24759	36210
16798	27598
18284	34084
20724	32795
19846	31483
26771	29034
15235	32110
24689	27294
23385	32462
25368	37253
23090	35449
26007	30185
27122	34455
24942	36763
25926	32862
24465	33640
26479	35136
26047	27752
25192	34711
26442	39230
23710	29695
18717	32349
19912	35883
20297	37834
18944	30167
20086	31169
20666	30917
21947	28237
17262	33487
25045	29839
15202	36172
20657	29327
15791	33976
18161	31313
17186	27866
18278	36043
20356	33728
22337	39228
19262	27645
16761	29105
18282	37865
17777	36424
21473	34293
19328	36863
22196	28287
19204	33482
22475	33040
22204	32368
23615	36539
23999	35796
21695	31678
21209	33949
18844	33264
20134	35283
23740	30612
26446	37098
23887	35256
26151	37003
26403	38439
22857	30439
18801	36647
20993	36554
20139	30088
18125	33066
19629	29458
22826	29133
23551	27558
19489	27991
17093	36833
24412	38485
22061	28705
20293	35102
19864	30604
26306	34754
16097	29397
26249	37143
16206	27359
18787	37306
20560	38110
22342	35320
27013	36032
17235	38048
20396	31434
22305	29147
24332	35103
19052	38200
20232	35493
15781	28530
21077	31087
25904	37299
17752	35684
23594	30198
18249	27796
26458	29914
19475	37940
20357	27403
18513	35053
18356	33965
17468	29522
19981	34282
16512	36648
26191	30774
26982	33397
25824	36145
16141	33920
24065	32487
18551	37717
15209	34309
16310	30832
26660	39405
23343	39499
26841	34934
19467	38470
15973	37905
17319	34177
23727	29510
19137	27957
23743	28279
21661	27206
22628	32571
15214	29771
22615	31912
20783	32467
25989	33531
20037	27381
25802	36248
17739	36626
15059	33578
22047	33922
15358	36877
24130	33110
22027	34413
20822	31587
23730	37363
22636	37463
17921	38732
25786	38316
17176	28242
26978	29715
19896	39341
22589	30594
17715	30031
23647	33435
22268	28153
15634	29005
26600	28005
25761	39098
18574	37241
20459	38819
23452	37557
24583	33133
24254	32780
24939	30978
22911	28571
21179	39545
22228	29710
26450	37168
21200	31830
25162	28777
24219	30627
18589	37896
21240	36678
22314	34414
25478	28472
17904	28125
20374	27328
23901	39534
22785	33323
23770	29551
25364	30407
22545	29997
19166	31464
21619	28244
20587	33748
23577	37639
19227	30279
21118	33475
26768	31065
23951	29686
20351	35901
19693	31262
20955	30949
18536	32130
17607	36158
24541	29642
23850	33702
15917	35072
24865	30589
21127	37570
20341	39338
16060	28403
18853	29192
26341	33624
26238	36744
18248	39044
23788	38851
21624	28757
23000	33445
21242	38517
23173	29171
20409	37040
17147	37993
18309	33058
23393	34276
21803	34867
24543	33939
25551	28278
26483	27404
19839	27297
26152	27438
26378	38239
18443	38338
22638	33959
25347	34568
25667	29498
26578	28806
18086	27249
25023	38595
17901	27240
18231	35734
16198	31637
16820	29320
20841	37753
20686	27754
15624	34919
19288	28747
16031	33078
25243	34016
25454	36692
17902	37898
17898	38607
19889	33270
24330	36254
24364	35204
17726	32759
22760	36723
23490	35429
23622	37802
23849	29620
19078	38098
22820	29084
25652	31411
24577	39026
25263	34781
20461	37630
24860	32576
25485	32362
17295	29643
24671	27271
18213	27535
17209	27746
17880	37432
22151	29065
17983	38971
22097	38305
16057	29992
15712	35651
15894	32719
21374	37703
20807	32539
20943	27838
26486	33228
26607	36632
20003	35214
24761	36104
21986	31668
18077	39639
18499	34248
16808	29892
17261	28555
16552	36817
17912	27460
16420	31264
24756	31113
21729	35212
17986	31120
20876	37515
16133	37584
23126	31350
20570	32454
18741	27852
24482	32968
24409	29657
26352	32501
20810	38297
25007	30997
22035	35713
26847	28254
22355	37593
21678	36071
21428	30051
18118	33927
22946	35948
22865	30596
18956	28373
23498	31933
15962	30225
24131	31333
19708	36497
22484	28898
17680	31718
16331	32232
15149	37051
21112	33683
27062	33309
22809	29310
25185	34741
18324	29295
17070	38944
23902	38148
17369	34547
23434	32283
25910	27444
17354	34563
18008	33882
18965	32742
16914	35235
18026	36499
15069	31835
17742	28019
24109	34546
15464	33926
20620	29235
25747	35139
15364	33142
16941	35024
24825	31042
21603	32803
21447	29745
25986	34073
17230	28272
18970	30182
17233	38014
17313	39120
15582	32499
16447	32204
18093	39535
25102	28941
27156	36672
16993	36389
17374	34011
26103	36450
23095	30705
17124	33777
26180	37673
21831	27973
19550	33798
16782	39438
22430	29543
21347	32411
25734	37662
17418	31397
26513	38038
18649	37104
16562	27279
25589	33705
25067	28597
19251	37958
18545	32600
18038	37239
18423	28523
21388	39372
22995	37392
17998	38389
23412	34346
24094	27583
17436	27491
18435	39576
17224	32275
25471	29499
16885	36899
15192	36371
18524	28905
17720	30469
15540	37061
15764	33225
15549	33303
25917	38846
15420	38161
20772	34354
26647	31625
25542	32692
25300	31100
16728	34229
21907	37289
18881	32212
23368	35779
21585	29778
23720	30260
18257	37635
24925	34518
23140	34928
23487	31220
18792	31089
21791	33604
16128	38434
22231	31554
15614	27688
25672	33335
20333	38093
21353	38720
22225	28983
16531	32730
22559	27625
25037	27311
24047	36513
18571	36042
21268	35960
23697	37495
15452	30271
19580	35402
22867	33797
18566	31742
16955	32986
24908	33411
16530	29459
16746	31150
20777	36799
17250	30126
24166	33579
15387	32327
17016	36594
16332	27844
16529	32907
20068	31589
23352	38178
24208	29455
25104	34110
16334	33523
21326	38458
23858	33700
17894	36612
21253	36436
18671	29632
23950	29297
17824	34295
23750	31189
15635	29726
16114	38664
26711	31842
16890	37975
22748	29729
21195	33004
20915	29801
24782	30552
15707	36308
21187	31304
23092	33956
27118	30752
24910	31167
24264	36413
27131	37251
21365	35571
27140	39390
18705	34881
18664	35052
17088	37221
23294	32347
26210	34509
15711	38204
22119	38706
23666	33543
18635	30384
19862	29606
16777	31409
23124	29214
25867	31945
25988	27715
20497	29093
15296	33544
23107	28107
20056	28385
21260	31526
26983	27760
15695	33768
26618	35303
16609	37405
16915	36943
23980	38765
17229	31832
18896	30708
23698	29196
23316	37885
26467	28739
20331	29658
22704	31883
15831	32290
20137	27187
21561	36979
21278	31415
16905	31182
23715	38763
15195	33144
16994	34435
24592	36816
15799	29265
15817	39442
22717	35828
23775	37110
16105	30731
15675	29228
24758	33617
22756	29961
21513	39031
27020	30041
20524	38749
22069	27750
21276	39219
22692	31548
18465	36655
15870	38509
19366	30926
21291	31709
15258	30501
15704	36211
21944	27742
20081	38289
24427	37000
19395	35415
22428	34667
25529	38632
22457	33026
23783	34058
17013	36049
23608	28574
19518	35538
18527	35912
17156	29793
15584	33347
21952	28067
20274	28957
15829	33394
16245	28669
21869	37643
24684	38578
15944	30868
19040	32210
21689	34575
24091	36986
25314	36018
15065	35433
17666	28307
17887	37741
24084	35299
26340	36399
26921	32945
22637	38007
16870	39363
19939	35262
20122	30347
15993	28884
16029	36795
19897	28352
16119	30658
22468	37533
26364	35774
18808	27363
27023	33600
22841	34467
23465	36393
19310	30518
26205	28258
24596	31560
19321	27426
16350	32412
19907	39571
15284	36431
25422	37684
23926	36157
18519	29122
23876	36614
17878	33157
18555	35073
19375	36685
25021	33818
19857	38016
21224	36408
19116	38622
23010	34665
15459	37796
20208	39095
25821	27898
22786	38850
26849	33511
20690	37934
26863	35288
23588	33099
20941	37458
16452	35096
19925	39375
17471	29533
25843	29118
24046	35694
16407	37461
16629	27704
22011	32422
25025	27612
22277	34561
20212	27830
17018	38536
25047	28759
23738	35874
22688	37326
16283	33570
26138	28020
26381	33816
24807	29862
26493	30655
20892	33202
23367	38180
26837	36330
25678	39468
25149	37518
17003	34279
24030	30373
26856	34680
17686	27379
26499	32833
20376	27287
17214	30573
26039	31804
24706	32170
21202	27901
26307	30157
25661	38471
26451	37840
26585	29634
18865	36302
24403	27732
21334	37203
18374	29744
24268	27545
25959	30398
17079	28508
18295	39401
19756	33573
18360	32981
19346	30213
21135	27215
18708	29751
24156	34045
17479	32367
17891	32295
18802	30180
19043	36663
15450	37478
25641	32970
22199	28498
22120	30592
17388	31369
19405	30715
19146	38216
26030	38256
18425	32748
27104	37023
25629	37421
18541	35295
24466	35593
17848	27498
26747	31107
26888	27516
22819	34043
19240	37024
23036	34343
19938	37146
22823	35200
18132	34179
26627	28910
17037	38884
23488	34971
15895	39013
22511	28856
22286	32463
17993	30763
17778	33030
20917	33220
25630	34210
26496	30222
24873	34510
16862	38900
16445	35371
18451	30400
15617	36376
22412	38091
24634	28982
20665	36873
20805	30315
16189	33047
24004	28693
17787	29491
25725	33311
24429	35568
26112	38486
17446	34947
23728	34738
22513	34329
20135	38420
22882	27291
21408	35386
26460	38615
24370	34370
25789	31077
15092	27988
26696	28390
22634	36054
19541	38047
24654	28889
15536	32025
27146	32224
16165	28492
15742	29784
16317	28015
23881	35626
21096	32393
15096	31624
20523	32933
23222	28981
24464	33829
23199	27923
17397	28477
25075	36949
20793	38053
18908	36801
26351	31072
18858	28490
20327	36097
15292	39160
16799	38036
23002	37063
21971	36178
25356	28210
15130	38557
18297	33831
22671	30524
15138	30677
22071	37487
19806	36184
22481	33085
26536	29501
22473	29359
26334	32392
25649	39201
15871	35931
16647	30819
15086	29368
23162	36805
25474	33712
18809	28464
18078	29383
17127	28881
19293	27293
23726	29834
24305	30748
22887	29303
16102	33112
24713	36103
18777	32416
24724	33981
25113	32197
25407	32865
17800	36901
18946	28666
23448	29408
24035	31660
16892	30663
27014	32686
22594	30145
23739	36241
18927	39009
17288	29674
24443	29016
16687	28007
16675	39504
16758	37101
15299	27540
24119	35149
18618	27703
19401	32191
24635	37990
18367	30083
19913	30857
23591	30818
26672	29707
22549	36512
15279	29850
21130	37356
19135	29933
21700	39092
18299	34345
15333	33934
25423	31967
26141	34553
21822	37822
26827	37122
26621	32167
15835	29915
22056	28740
18105	37457
27065	29389
27141	39568
24250	35689
20540	39321
19953	37442
26523	31229
21142	39325
22243	27525
21231	33294
17713	29148
21078	38201
15205	36825
15843	35462
23118	34586
15392	34421
23203	29722
21433	34581
26423	38930
22832	38922
21493	28057
20017	32188
15825	34319
27047	28678
26163	29661
22572	27731
18194	38183
16192	31746
20630	31168
15098	32745
17504	30757
18661	28938
17025	35442
17491	31424
25836	37058
24732	30499
25044	28997
20623	32877
17622	39329
19424	38149
21847	31283
16847	27277
17743	33148
22333	38430
18626	37090
25705	33896
20082	38888
17859	32512
20500	31286
27101	34114
16911	34283
24766	37292
19071	34768
15398	36975
19385	31566
15128	32741
25147	29294
16120	29038
26297	37154
24836	36866
15533	36140
19209	38137
19772	31595
22868	33061
20562	34154
21978	31741
22260	39322
17727	33140
17962	36545
18049	27721
19270	29568
24321	35350
21798	28247
23413	39060
17015	36303
20097	39218
23747	31200
21407	33524
18047	29637
23589	33121
26295	33796
25714	38145
17358	27791
26735	33489
19075	36870
23008	31780
24921	34805
18495	38682
24328	27722
26065	29951
19992	30119
24093	35723
26388	27442
26255	32496
22579	32358
17571	32297
24086	29665
17228	34580
18851	37773
15499	27550
23518	39129
19624	35592
23837	29549
25785	29820
25531	36787
23590	29936
25587	28848
18478	34109
16858	27840
26498	38961
24285	38405
25178	37048
17536	33660
22642	27963
24557	34400
21385	33191
22623	35797
18907	31314
17296	30087
15941	37731
18030	33380
20492	36206
27133	37522
25262	36198
21105	37456
21223	28731
20667	36234
16091	37324
20290	27861
17488	33034
23375	28010
20324	38541
25106	33393
23099	34720
19599	37244
20773	34464
19962	35899
25172	37340
26928	39169
15706	27366
24494	38373
25767	37989
19650	33124
26992	38741
24777	36875
25345	29091
18816	34973
15814	33948
16337	28457
16416	28604
16254	37403
22569	32544
19443	38571
17855	27772
20269	34131
16397	29053
27088	28192
26778	30437
26055	36373
16757	27850
22022	36746
19307	30893
18685	27813
21430	31280
15131	33663
26989	36236
24437	38158
16557	29918
15832	38368
16605	34076
15282	35266
17555	32700
22089	30781
19322	37422
26305	39561
20183	28156
17242	38924
24069	37534
19921	39247
20390	38929
25338	31417
22520	34916
22137	28249
16216	38362
15199	34246
16522	36690
25256	39090
21685	37906
22385	27323
25194	38694
15600	34381
17526	28480
15422	34630
21034	29832
17486	33310
23131	34706
19419	29324
19343	32820
20235	27409
24682	29247
18264	38477
25701	30601
24604	33536
21508	30472
20561	38394
17721	39519
19451	31695
20222	33153
15417	35973
21026	31094
26145	30853
16714	30716
22431	35240
20723	36623
24436	33063
15820	30349
19808	37897
21622	39441
26328	33576
19241	33730
15355	32771
19243	37035
17427	38262
17346	28319
22998	27220
18687	30345
16314	38839
26524	31056
25532	34484
20580	38345
20249	28673
18807	30404
27142	32616
19987	35227
22201	30871
21880	36892
24127	32081
26062	27763
18382	29347
21161	34955
15577	27826
15703	28376
27157	37656
26818	33501
22525	37136
26502	35507
21159	29854
18148	33687
22023	32545
19477	33282
21812	32875
20507	29062
19609	32153
18587	35921
25235	32868
26802	30784
18054	32931
20080	38927
23164	38212
20574	35162
23139	32116
21655	39297
18771	27281
24028	33657
22040	38642
24324	27785
25397	28082
25580	33430
22972	32949
17189	36652
24458	31236
18169	31037
25681	33812
15426	30867
17008	31018
24045	29261
18608	27842
26195	28349
20869	35515
23421	37152
22666	31505
22942	31501
21719	31749
18494	39190
18785	36291
25312	32343
25248	37740
17791	33938
26839	34539
25072	27632
15879	38654
15045	36525
18632	33627
24812	31387
26793	35491
15537	28497
22237	38019
23111	37208
25788	35848
22499	37178
17631	36072
25602	38833
26956	34861
26399	30114
27008	39138
19134	32077
24184	36221
21530	36808
18401	36153
26073	29650
20542	30344
15320	37419
16480	39648
17925	31347
15431	33067
16264	32039
24269	36003
21881	28639
20127	34527
20378	34070
19083	36240
23909	38121
23663	30388
22443	37785
15715	30779
17615	32213
15629	31740
24941	31467
15046	30802
25964	32736
18416	27936
22635	32566
22278	29520
26363	37082
16326	34196
18917	27301
15810	30331
18906	38170
15302	36177
22318	34397
16587	33901
25574	35084
25947	38918
19908	37335
26067	35133
24196	33334
23433	27606
18782	39476
21557	28281
17408	37964
19326	30312
22851	35624
22675	29312
22850	29372
17014	30666
16544	32420
15317	33518
22263	33038
19076	29678
18686	39593
17653	27254
23531	32806
25991	32735
21671	28993
24820	38979
23530	34053
20119	35047
19147	27303
21406	29250
21718	33802
25945	33230
19893	38795
16131	34488
19060	37838
16796	29550
19673	30252
23910	38908
23884	27725
26012	32325
19286	38124
21623	34931
25425	35164
23472	38546
21029	28461
15527	35184
26990	28841
17161	29092
15975	31996
21779	32628
25052	32074
20338	28549
18650	38384
23295	34740
21467	38553
19402	39209
16837	37841
18250	28078
21908	34584
26917	28761
16055	31906
16212	29049
19671	34823
20550	35759
16814	37303
21038	31443
24647	36606
25354	36434
21733	27245
18729	34550
21706	32613
20757	35287
24083	34502
23993	33096
19811	30966
26162	29018
26795	33236
20513	38705
17496	29207
19666	32844
20875	35081
15609	37949
15177	36928
22076	38556
15187	28968
18393	38308
19754	35799
24536	31078
15700	37012
15116	34089
21452	31428
25570	32521
20557	30993
18609	38780
19383	33584
20925	33598
21726	29243
19229	32383
24013	36167
21576	32169
19382	38459
26632	30385
26018	30957
20373	30165
17083	31357
16649	32090
20350	36772
26929	38726
20815	35637
26469	36425
20448	33145
19313	31632
24467	32111
23542	28207
19098	30246
22222	37716
25748	34256
17489	28954
25658	29444
24399	33945
25080	34609
23075	36479
15726	37806
17534	37519
21628	31358
22068	29278
18000	29117
26838	33253
19222	30490
26792	38954
21197	28186
15522	31994
26568	35928
17011	32399
25518	32561
17485	36697
18492	28471
17971	33281
21055	29134
26973	31219
26631	37069
18604	27857
21744	35805
19825	34943
23705	33477
20091	27843
25763	39522
25432	36417
25336	28416
25049	28090
21766	32057
24173	30004
17163	32509
17438	38220
25883	33678
23667	29337
22002	32287
15952	32323
15063	35718
23680	27224
19006	28257
22008	32126
24508	36811
20874	37621
20481	29945
19942	35156
24927	33481
16779	28987
19712	33866
15772	36543
25284	36584
17022	38242
26159	34308
23735	39451
24679	29641
15557	31292
15438	33665
23424	35119
22289	38923
23483	36333
21646	37446
17092	37189
21222	33493
25668	36541
21992	39327
21143	30311
21186	30976
17776	35643
26372	31563
15921	30721
24624	38660
23804	34556
19163	33070
18069	39245
16295	35910
26919	32564
17917	30881
19201	34954
26615	39046
22978	39043
16778	36214
22175	35435
23268	38265
26402	35958
24262	34103
22746	35597
27138	35905
18188	33692
25948	27227
19511	38987
27012	29567
16371	33661
26842	36233
20177	34184
22492	29851
22663	36036
17650	33569
25020	32104
16607	39572
24316	30841
18426	32027
15453	34681
15555	27730
16042	35440
15473	32536
25515	35282
21050	36687
15458	35312
22901	35670
22968	27183
23271	38658
20013	29943
16624	33623
19843	33179
23151	28605
23360	30583
20695	33082
25057	30084
22677	30603
15676	32381
22771	35949
15778	38843
22098	32715
21331	28532
20817	30217
17771	34371
26225	31682
20411	31370
18824	31809
17094	33103
23110	36890
18882	33386
25058	27298
15169	39115
16706	29197
19365	28985
20742	36771
18474	33508
21327	39290
24371	28849
15770	34448
24042	32156
24167	39065
25228	38342
15015	32932
15961	29488
19696	39070
24971	35983
23196	35835
21662	35668
18346	36429
18173	39294
17549	28589
17459	30173
23694	32864
17578	29158
16228	29897
20186	30399
19601	30156
17700	32091
20384	31958
20150	28754
25279	29691
26176	37466
26662	29392
19500	31325
16801	30482
23833	35968
20947	36384
26612	31157
23441	31648
18863	31598
18892	31564
16783	33943
23617	29106
16884	36967
26070	30375
15562	35706
27111	29776
23538	35494
22749	28996
16507	37349
24913	30236
16742	29740
16248	36121
17567	28481
20979	30828
17633	34932
16357	39349
15385	29345
22905	34512
23862	37477
17173	32040
21977	35090
25653	32434
24795	38385
20651	37026
25634	37956
18151	32221
19162	29342
25946	34646
24163	39334
18319	34750
26678	29211
17366	33808
21133	29986
24614	35915
22224	35511
19533	28746
26064	31976
24948	37917
15604	32406
15378	32914
20209	32531
22953	31216
24850	28785
26268	30086
18842	27954
22585	32577
18135	36220
24170	37811
16476	31558
15923	28684
24275	28154
23204	39134
26712	32995
26738	31603
18570	28906
15367	35305
22398	33599
25337	33499
23756	27177
19809	35638
25979	29246
18750	38127
20123	31050
15454	36993
23272	37439
25932	28021
25011	37592
15406	39317
19829	35854
24519	39536
19142	39490
25538	31022
22710	39399
24273	38312
27144	32913
25954	29981
16183	27622
24477	38849
20458	37028
26246	31925
23337	37018
21935	38404
24802	29079
23839	33366
15246	34560
17699	28197
24692	33897
22610	35104
24752	38429
18503	28966
21478	38628
15974	31208
18375	27792
24362	37501
18035	34598
24326	27656
17125	38344
26684	38629
15507	30029
20601	34570
18507	33946
16788	34737
25357	28239
21458	37721
25919	35936
18692	32182
20636	38697
16939	34540
27086	30140
26722	38246
18430	31416
26565	39236
16410	31251
16967	37959
17481	30064
16093	27906
18560	28393
23936	29045
22794	33381
17038	29805
24139	30048
16428	30457
25664	34419
20771	32492
15326	27778
16089	29588
19045	31543
16252	30414
20446	38728
22158	27939
18895	31341
19165	39570
16836	38590
16685	34105
18597	36507
19689	36591
20417	31553
19753	27853
26098	28459
22262	29087
24650	39019
17338	34997
26923	35682
17136	38449
18355	32869
18805	36101
17210	38484
26868	31702
17958	27952
21340	32480
16019	32944
19340	32768
15856	32588
25524	29956
16493	31476
19974	36643
22166	36063
16918	28185
27053	39024
17108	31980
21117	35767
22087	36462
22138	32674
26110	38771
21764	32429
25353	34147
22107	36570
15311	39277
15038	32550
22724	37124
22386	33659
21497	28804
19737	28510
17245	32328
26369	31008
15249	28627
25743	28238
16026	32154
25261	27942
25159	29168
24678	27918
16359	35609
18334	32241
19468	36193
18838	36459
22454	38576
21632	37661
24071	30248
24174	27389
21115	30227
21389	37135
18481	35634
18707	29817
26157	31763
16066	31485
15081	39248
18096	35074
16825	28076
20321	38827
26114	29829
15164	34358
18025	35758
19943	34205
26597	28736
21617	31074
24303	39170
24806	33035
21522	36662
23168	37020
19605	37858
19778	35965
23527	33622
24124	34678
26815	30645
15762	31441
25557	31910
26090	30282
24740	30602
19118	28557
15768	38196
17620	39517
26677	29867
22361	32255
19044	31440
23497	35067
16115	38510
25489	27192
18919	28614
18306	30599
17484	34220
23366	31909
21915	35599
26668	29041
19835	38959
15338	33415
20156	38506
17300	36526
19493	34704
20719	37164
26772	36741
21799	37259
15795	32863
24171	33077
15175	31353
22480	37079
24304	32765
23450	32064
15908	31716
21703	32238
20782	35864
20457	35202
24881	38116
26040	35443
17597	29798
17673	35463
24799	31677
22627	32840
15048	35922
22332	38711
24388	27946
21141	28613
17821	36453
20568	31474
26042	27748
25765	30863
17990	31455
26682	29188
24521	33868
15404	31997
16462	29909
16715	29333
25082	28501
26026	34415
19649	36649
15589	35656
23282	37814
18751	37327
21888	38906
21712	34622
22989	37301
20236	39056
21527	35937
21976	27208
17595	39330
23863	38920
17182	33292
27017	38195
21217	34631
22738	39288
19800	31139
25703	33111
21970	32912
15000	38446
18854	31914
21746	39033
21913	36470
17817	37816
26181	33639
15261	31384
19685	33301
22725	38233
19858	37206
26367	34784
17279	35419
21651	29321
19023	31401
27037	33550
25513	30572
20663	29022
18883	28638
24501	36540
16662	33613
25566	33438
23549	39515
24593	36015
17103	37323
19092	31352
25558	35891
25615	34475
25269	34280
24312	35048
21021	36788
16014	33560
26889	37918
18613	33722
16043	30270
25927	27801
17779	39533
26997	28370
21659	32053
25495	33985
21174	38781
21415	38006
18819	38489
16197	27263
24930	39450
15165	35469
24263	35525
23988	33878
18491	32814
17240	31380
19080	37252
18071	39282
21666	27318
24978	27216
22368	31593
26431	31215
19625	29332
26810	28245
25266	36108
23190	28718
23329	35042
16022	30276
15633	28274
25749	38813
21381	34042
22938	30852
23149	28070
24894	34734
25409	31164
16256	30545
24282	28798
21488	31069
16692	28479
17712	34451
15157	28091
18457	33306
21294	39119
19170	33379
17554	29967
20861	32502
23733	28959
16975	35542
19194	37328
16177	34587
23621	28454
16880	36929
22238	37803
25387	28897
20965	28870
22533	29959
24861	39083
20342	29639
22429	34974
17608	37123
19088	33629
25660	32093
25371	35531
15510	27350
18736	30810
15756	33371
24739	37314
25019	29644
16302	32428
25624	38043
15178	27705
18933	38267
19486	35839
21015	39408
21359	31048
21607	39275
19084	37325
22220	35185
15133	36058
18380	35410
18636	27449
24662	29054
25033	37969
23308	34258
16068	36498
26406	33107
24185	39492
21928	38143
17685	38202
23580	32702
27036	30389
22050	31551
15007	30843
17368	36280
25219	38371
15516	34482
17323	37296
20140	34339
26998	33953
19840	37092
21412	31135
23496	37418
15500	31458
17584	28008
20237	37050
25377	28564
24609	38062
20251	34438
16004	34554
16430	34756
26679	39351
22940	28162
18057	34669
20761	31927
16261	36664
22939	33703
22986	35001
15782	39601
18272	30486
20818	32457
25647	37818
27147	31196
23520	35523
19951	33369
26273	29630
26235	29964
17458	28482
18585	36146
18302	34582
17606	38322
17634	38842
24868	32408
23957	38952
17702	29072
23597	29738
15106	36447
15251	32120
23958	37075
24594	34602
26897	38288
26312	27509
21114	37027
22346	31948
15650	32946
16810	31562
22798	28270
21918	32895
25526	37159
20172	32061
18611	39140
25015	39559
22539	31124
26293	35654
24855	29825
24967	37749
25507	34443
24311	38407
26397	32469
26820	32860
22562	28566
24798	32801
23257	39630
21296	31461
23795	29718
17031	31016
18230	31710
23576	27677
17826	31597
22242	28167
15554	33350
24878	28859
16526	30668
23015	35747
17651	29846
21241	31291
18758	37034
25436	29282
17498	36815
25636	33961
15073	29032
24234	27527
23872	29009
20672	38709
19867	35667
16449	35177
18224	35035
23161	30968
23766	35675
15094	32802
22179	28967
25644	32819
20161	38029
21552	39446
15327	31516
26081	31985
18766	33349
17980	29635
20808	34334
16653	31308
22695	28124
15134	28918
20206	34703
23955	31776
26932	33691
25136	32395
27150	33037
18963	29767
26213	39439
15643	39034
25467	34565
26084	35732
26562	29765
26577	27423
20567	37394
24770	38513
22899	34628
25141	37580
21460	37913
25746	27615
15737	34832
18376	27983
20412	34355
19259	37041
27117	37786
25881	39529
15996	28751
19814	33888
21533	35875
24805	39180
21762	35821
23403	31198
17105	33958
24223	37720
25603	36616
15197	30643
16689	29928
24893	31030
26038	36441
16448	29699
17949	36919
19488	36335
17430	33571
17253	32846
26079	28851
24899	38834
19627	37986
19585	30847
23794	32614
25120	29089
17102	36242
23618	34473
20532	34936
20706	28925
26264	34657
15502	31931
18338	37617
15824	38422
16853	31822
17612	30133
22846	32750
22582	30943
20758	37875
18614	35329
22906	38592
15668	31542
17785	37770
22449	32953
17267	31165
25848	33684
17345	29468
17213	32334
17899	34912
23106	38686
22102	35520
21709	34682
26761	28317
18925	33651
21936	35390
21162	37218
24481	28512
16774	34065
22462	37883
17333	36520
17378	30070
16568	35992
23192	35383
24926	35788
23136	32636
18652	29108
23763	35407
20489	38075
19055	31287
23005	31647
24361	32227
16673	31823
20640	34529
20747	38162
19552	28027
18781	35849
19969	32252
24216	35064
20279	38928
16699	32012
25780	32317
17640	29287
26700	27395
26126	32176
22897	33338
26013	29103
26915	31297
26704	38347
19598	35027
17353	32461
18220	29267
16061	32793
26507	32707
17538	35851
22387	29502
19900	29230
25339	27176
16655	34918
24457	33290
17835	36278
26011	36490
25751	28111
16564	33555
15491	30224
15846	32159
24175	28049
20465	33840
22312	30584
17293	37243
21269	38911
25745	39569
21380	28200
21306	35708
16278	34723
15482	38764
18823	30366
19628	38042
20976	29021
19531	33673
17058	28991
22309	34412
17403	31670
24639	29800
20625	30607
16191	27993
20474	29941
25724	38703
19205	29209
21234	32173
19008	35273
15931	35456
21094	37698
18440	37262
23183	38966
17420	30780
18676	39564
15185	27565
20270	28563
21964	36951
19534	27623
20414	37129
23405	36270
18870	28500
17100	30803
25191	32560
26825	30638
15489	29852
15316	33593
22690	28465
15811	39052
15980	31630
15102	33753
22135	39385
22046	31725
19061	31867
20009	31344
20508	34005
19305	33554
18239	31479
25051	35444
21088	36012
23285	39412
19739	31766
20394	36294
17035	29107
21725	36250
25466	34387
19958	27478
18833	35205
17585	32698
21350	36557
21558	29736
21312	35840
24517	30992
15483	30892
20300	34671
25210	30925
23335	34965
17311	33319
25222	31778
17950	36107
24657	34243
24791	32489
26781	28710
23799	35106
26864	31451
18265	30131
25563	37266
20075	36538
26719	37727
18659	27484
24132	35700
19374	34930
19824	32240
25352	34313
16535	27635
17462	27658
18976	38968
18702	29694
18677	37195
18660	32387
26636	37614
23596	31192
24183	33873
19505	34847
21849	38562
26245	30034
15959	35947
22866	32193
24875	30563
17227	35201
26218	35049
16010	27764
23514	36452
26277	34241
17465	36633
15490	28181
21180	37298
24963	37718
21073	37644
16069	34950
22311	36017
15565	32604
18537	32874
24697	32619
26784	29427
16878	33427
25835	36704
16071	30301
26695	37832
22034	32105
15597	39007
17577	34470
18670	34038
26240	34417
17081	29442
21967	32016
19479	33118
16485	30913
19590	29361
25543	32776
15376	37962
23051	36932
17078	32738
22861	28714
19973	34515
18770	29370
21020	28528
15605	33436
19591	29692
27032	35071
23180	32752
15809	32316
25611	30275
22895	34152
26616	37849
18512	32321
26750	27888
18629	28812
26477	39051
22369	30267
22143	30820
23557	29194
21568	31904
26587	28415
22259	37007
20715	29705
24943	33909
21419	38743
23475	27687
20707	35719
20027	32250
16645	30697
17254	38858
18700	34647
23675	31582
23777	35560
24298	27435
25544	33675
22606	33454
26048	38095
20175	30998
24858	38361
19736	36180
22325	36713
26488	35677
19129	32305
16244	32431
17116	28857
15646	30920
25549	38332
23504	37108
22292	36156
24259	36405
16622	27539
20316	33137
15579	27900
19718	39173
21468	27668
17718	29216
22990	35250
20254	33898
22976	35028
15727	36900
25578	39117
20852	27396
26876	32318
23699	35170
18084	35950
25523	36458
16683	34416
15144	29609
19510	34215
26953	38823
23814	39171
19523	32826
20062	37322
16593	37377
20904	37376
15266	28647
23056	36896
16038	35225
21148	31602
26315	29808
22014	29274
23067	27450
26860	27179
22784	28960
22362	38186
17109	31178
22649	33974
23586	39617
25066	39311
16981	36893
25884	31610
24920	29929
17643	33632
24959	37783
25373	38905
19982	33905
17863	33388
22912	32472
20473	27875
16124	36128
15886	28770
22049	36013
23250	31537
26623	39155
15075	33339
16923	27869
19123	28586
21597	27713
15137	33677
22378	34278
21149	28580
24545	35604
18400	32125
20229	37938
23525	37725
22441	37279
15166	34739
17834	29881
16566	29208
17169	36568
21631	37265
21955	30127
20930	38090
22836	32866
25079	27497
26880	34963
24512	28626
20361	31635
18399	35458
19841	38337
15268	35727
15184	32505
17849	36422
18308	27457
24459	38193
17616	31866
22662	37965
23492	37019
22674	36199
23455	30937
21802	33364
23877	29480
17517	37842
16236	30876
25940	31851
21400	33316
22903	31573
20908	33519
17625	27737
21942	32427
23529	36134
27054	35852
18061	37777
21401	31803
23071	38240
15494	29685
20995	38341
19265	38762
23216	29802
26076	29404
16062	36358
26840	39163
17792	34530
17678	34730
20424	32199
16910	38656
23027	36962
21044	31969
15226	36729
19358	28166
15419	28128
22341	34874
25771	35500
24725	36727
22699	29687
25812	27482
15286	37374
20288	34836
23214	33556
24995	27289
15294	30421
23611	36481
26125	36338
27079	34270
15055	35147
17452	38521
16936	34601
22142	30975
25791	38685
19442	33751
16135	35160
17019	37494
19747	39047
19079	30154
21169	34913
18477	32484
21434	30058
24062	39161
25800	36014
20792	34978
16642	38448
15366	28354
23054	36530
20149	27716
20886	27244
22681	35025
16473	37109
24990	34852
18294	35595
19952	31398
19473	31257
16772	29878
21996	39521
25477	31318
23880	39578
17903	35698
16702	35770
25103	36148
24575	27292
15297	35808
18742	33747
23569	32183
25715	27679
17162	33780
24879	29405
22863	35094
19797	29696
15877	34432
22664	36387
24476	29020
23584	31777
24591	37475
16867	32963
20194	29873
21810	29706
15352	32203
25723	34127
18267	35550
16207	38207
16012	37358
22048	32976
22301	36092
26115	36412
16970	34696
20966	27529
22126	34126
21982	31154
18506	39418
19901	36344
16515	30762
23595	32784
25196	36721
15183	32947
16776	33844
15289	33289
21772	33506
16844	35964
16604	29538
21492	33495
15828	37428
23561	37681
25450	31572
20948	32448
24049	30391
15655	28832
25537	38026
18878	28290
24187	32585
19077	38986
22701	27594
19290	37025
26029	35832
24010	27561
22811	38669
18755	34314
15566	33630
21602	28773
17529	38000
16829	36617
19203	38027
20136	31305
20303	32630
18283	35475
24954	36476
15011	39594
22763	39629
25215	35741
22632	35811
20148	36783
23731	38724
17840	38331
26355	33474
26999	37116
16721	28478
24838	37887
23963	30418
24815	37931
21599	31667
23888	28284
23817	39302
16992	34457
24846	32464
20245	38023
15534	34952
25844	29040
16246	31588
22032	35954
22739	29146
18381	29138
25895	27357
18219	31942
15119	34562
19082	34192
19686	34130
18327	35755
21765	28165
25481	28214
21049	28529
25886	27967
22320	31825
17316	39512
26254	32220
26753	34307
19469	29329
26606	30950
20756	29470
25088	36475
16104	28050
21874	33045
17120	36275
22955	37573
24573	34289
19540	35257
21851	34368
26187	37709
18558	28425
24847	33686
18454	38701
22793	36500
15987	29423
18203	39567
25729	28450
23239	28828
22909	36469
17159	38674
15564	34840
20676	35345
16773	30454
22109	34015
25027	36952
24096	31908
26703	37397
26844	33483
16409	37408
24400	30429
15708	34531
19361	35690
17326	36386
25916	30542
26035	34829
26494	36743
18869	39585
22045	33822
18980	32478
17868	36854
21277	30551
19770	37907
20398	29847
15864	31947
24933	33425
21535	28320
23363	39063
22651	34975
18390	27614
18345	35418
24329	28004
23432	36176
23108	38903
22411	32207
27040	30242
20057	35252
25096	32486
20301	29215
19271	32733
24238	32705
15180	28838
19764	29461
19086	27332
20687	35161
26872	38381
20731	34820
26226	31082
16909	29178
15525	30059
24889	34819
17842	33465
24472	34773
26495	38626
18480	38101
16017	37654
21545	37620
26836	36410
18683	27761
26072	32921
17376	30489
24113	34271
19979	28687
25971	38802
25097	28468
25522	33043
20286	34616
15077	29669
22367	33317
24932	27473
25374	38102
20444	39208
21674	34490
23086	31143
20397	37606
23946	34318
18323	36023
18067	30304
25967	35735
17978	36196
20337	38550
25901	38890
20164	27618
18875	36009
20314	39386
15493	35722
21857	31386
21919	31043
16534	38816
20879	31453
23741	34396
26478	35006
20823	35387
18313	27818
25699	39650
23286	27833
26267	31940
18359	36230
23315	29482
23468	28741
22561	32583
20029	33409
23172	35029
20958	32137
22729	30533
18911	29451
16333	28222
26670	37085
20935	27604
23812	31790
20306	28577
21730	35516
20283	33941
19959	33132
26278	30883
15985	34072
24773	28923
16932	36379
25398	38505
19798	33308
16275	30203
21889	31117
15792	33587
21877	31862
25982	30342
16680	30611
25857	38182
21151	31091
25068	32522
16498	33774
15821	31692
16957	38575
15542	27267
25677	29888
15107	35339
23867	39137
20804	38226
19999	38593
24366	31129
15648	38208
23552	28709
22799	36567
24748	31928
16737	28075
21108	34620
15456	29190
20862	35155
16599	39575
25818	30506
25801	39312
22335	37752
21442	36377
22080	28946
16968	35069
25000	32437
25289	29748
20835	31221
16040	28537
25695	28116
20311	32157
17513	37936
21258	39017
23802	27573
20586	31583
23922	36897
18107	30718
23170	28026
20207	35148
23191	39223
21404	36004
21987	34639
21676	39086
22095	35088
21168	28014
26175	29580
24613	39608
25756	31788
18674	38778
23470	36420
25777	37611
15442	35008
16098	28676
24302	30266
26010	35790
16484	32233
17706	29652
22981	38109
15909	34019
19837	33498
18621	37182
18460	37553
17562	38589
24673	34254
19726	32574
25665	36115
23885	35726
26693	31261
19438	29803
19937	34374
17564	32371
15735	27837
17981	38883
16496	32694
19231	37389
22849	37137
17874	28588
24342	35158
15172	28824
21095	38970
19614	34078
23221	39214
22753	31781
18143	30071
16537	29906
22114	35391
20490	29492
21014	36622
21307	33745
23334	28041
17812	37502
21229	29300
25692	30220
21515	30640
23532	28768
23579	30171
24780	37663
15649	27642
22500	36950
26874	30365
20637	33352
25817	35966
20179	27689
17206	27195
20449	34812
20563	38769
19067	29900
17315	32586
20365	32660
17129	32247
25622	27394
17090	28519
18059	36419
21839	27204
16059	31507
18001	30228
17754	30128
16899	38798
16513	37125
19665	36865
25898	29666
18714	38230
16170	30135
21582	35913
15986	31116
19535	36313
23414	36161
16383	30967
18644	31799
21958	37068
20275	34146
16049	31047
25768	33735
17520	30861
18617	29244
19480	29280
16926	37103
23593	34207
24886	35140
15595	33036
15654	35454
15254	38417
23555	33656
18964	29870
20662	29266
19612	31456
21322	30099
26706	30817
23454	38719
22646	29821
22413	36354
16088	31207
16456	31674
24554	38512
17297	29806
20931	38894
19308	38166
16193	37670
20553	30794
23290	33261
18108	34838
24085	32548
17970	31103
15591	38549
15141	33120
20847	38004
26232	32621
19264	33875
25569	34933
19794	31881
18657	34059
21280	28427
17148	27349
15308	38972
17106	29838
26097	27517
21071	30000
17774	29807
17401	30081
26754	38916
19560	30826
21394	38063
17068	30952
19873	33740
15571	29452
22315	34121
24154	39596
21265	28780
21804	35101
23418	35113
16664	33590
20718	36745
20957	30633
17112	39258
16769	38030
23526	27243
16108	35237
19169	39179
25893	30370
20615	32239
19100	36312
16944	36621
19230	27171
16195	31544
24661	38653
22643	29649
26939	28395
18156	36523
17602	38785
21578	30973
22814	30432
24949	36396
24612	31541
26311	32994
25810	34037
25688	31975
15615	28024
17284	30648
26654	27637
25809	29096
21954	37743
20173	28686
26432	27405
24659	29664
22558	28701
17371	32021
17413	28452
15054	34020
16370	33315
23435	36508
21566	32274
18351	39153
16005	30687
15926	32503
25981	30325
20379	36961
24353	35065
26178	36474
23262	35489
23041	27911
16736	32552
22661	37297
16934	28876
25012	31235
23087	27773
26759	28073
16467	30971
23174	34676
23105	36304
24686	32374
26310	37180
15859	28337
20105	30622
19684	31703
23873	33065
16697	34789
17967	29422
18406	29626
21521	28289
23516	32595
16989	28229
20071	32504
23638	32996
22735	32830
19132	32063
19316	35203
23510	30838
25433	27908
18314	38105
27123	34145
19688	27933
23377	39262
24627	32394
20826	28958
24360	33417
23932	34092
20042	29515
16048	33918
26260	29371
18087	32562
19490	29080
24771	33557
18447	34577
24281	38700
17121	30080
20116	30434
24670	30291
22419	31643
26219	32450
17877	38401
25803	32699
18179	27173
24335	33159
24319	38388
18404	34342
15435	35976
19781	34189
20060	31114
22223	31383
18223	31412
16205	33951
17327	32444
24031	32985
23158	32538
20296	30879
23952	33293
26853	36722
26396	37275
15078	29752
19832	38684
17807	30101
20025	38837
15154	32024
15662	32245
26457	31839
21317	33356
25427	34336
21017	39211
26765	28001
18058	38909
19494	35477
24598	35334
19761	37424
17915	32155
16167	27928
17944	39204
20432	37704
20795	30691
15949	38453
25071	32008
21953	28677
26321	37597
21000	38667
18945	31988
25935	31231
20272	38730
25839	30773
16874	30986
23768	31190
26972	35970
15732	32184
17566	28305
16597	35833
19248	34626
17766	35255
16495	37338
15353	31540
19413	36572
23355	33616
26324	37536
22343	35926
24136	37694
19768	38788
20305	32092
21644	28805
21704	35974
17044	27937
18414	29506
19859	37992
27059	35326
20005	33183
20848	35080
26979	28513
23912	36000
20564	36203
26589	35263
23026	29813
17145	36209
19926	31878
22840	30521
25700	30362
24675	30728
21299	33304
21100	30547
24547	33221
21975	28998
19895	30106
19669	38021
26158	36025
25607	38921
21297	27351
15883	28623
18876	30143
17043	29899
16154	29996
21640	31719
17391	39493
23299	31936
17804	28836
18216	30218
18412	31400
17530	35245
23146	30528
15851	27949
15079	29166
15475	35478
23805	35274
24337	35972
17959	31512
27038	30324
19871	28456
26360	29336
18508	27627
25628	35472
19788	36814
25755	35480
23218	28592
16424	33716
26148	32029
21638	37042
22519	30981
18999	32280
17888	27252
25680	30834
24087	33095
24915	27487
23188	38747
19656	33032
20320	36724
22450	36077
26296	37657
15288	31693
25995	35573
21279	28295
17941	35268
24518	30703
18749	34260
26001	33247
26447	27556
15836	31937
20240	39429
17518	35468
26873	31495
23643	32898
22085	39310
27071	29995
26892	32051
17997	33089
26871	35804
17110	39081
18634	32641
21189	32046
22669	33838
19050	38174
18630	30053
18095	37828
26298	28022
19636	36487
16142	36050
25040	31296
17873	27804
16987	31634
19563	36264
18776	35806
18166	28485
19223	33256
22529	29563
26622	35137
20380	39377
26222	35996
21042	35846
22747	30441
18303	39045
17051	31627
26016	27174
21951	32808
25246	28908
19990	29035
17991	31326
23456	38167
19031	31884
21699	37780
21963	33102
23543	30453
15380	34939
24433	35572
20961	36578
18871	27284
18040	39628
15942	35683
15259	28355
21946	39145
19861	39254
20951	38936
15801	37963
20049	29376
20703	31193
15346	37033
17770	39503
16011	29110
26037	33200
19499	31530
16417	33743
16553	32720
15247	32307
16948	32631
15148	31225
20181	36542
17895	30369
27034	34685
26377	35697
18937	29446
16403	30739
18226	32706
21164	34144
22406	37707
15845	39518
16786	30502
19260	31500
26237	27774
21667	30259
20200	28149
25894	37354
16341	37559
18656	30513
18539	34803
15061	30239
15160	31209
26893	37197
20012	35576
23127	31644
23987	27542
19478	34069
18710	38277
22163	32076
23096	39023
16854	36400
15741	29973
15861	38524
17151	34495
25254	34181
21937	32627
19139	30033
20193	28818
21574	36849
17871	34332
20014	36581
18242	35369
19317	29010
17711	37696
23760	28990
15957	31652
20907	35736
21177	29578
22169	34849
21120	29475
22553	38249
20192	37591
16400	37941
16351	31642
19735	33024
24206	34095
19795	35760
26651	35437
23081	29830
21564	34461
20048	39287
21126	37937
16164	34853
24391	37509
17671	33709
18269	38092
23342	35099
25213	28382
15807	29911
26770	29616
18471	38279
26910	29662
24350	32140
16500	38366
23870	33451
24548	37220
15657	37470
16661	35518
25160	27414
21031	34200
23845	33184
16187	27483
22614	39339
20452	30273
16138	35355
23100	35316
18316	34830
25198	37999
22291	39075
22999	35327
21463	30037
25129	39360
15627	32195
15227	30921
21745	30284
22265	33645
20202	37207
17960	32260
20322	37383
15583	28752
20217	34291
23103	36757
21559	34516
19626	34839
23575	34876
20846	35249
20732	33007
22847	31454
16560	27986
21036	34170
16001	39423
20098	31145
18920	30492
15105	27190
25193	33711
19888	28879
15514	31606
20739	30461
16092	31128
24159	31438
24597	29338
20899	36598
16888	32761
24821	30875
18595	29827
26263	30178
17429	34687
26689	32114
27096	28610
18090	35044
18988	29565
19018	36670
16740	32988
17200	38445
26925	32209
25496	28297
27044	35527
18832	37791
25133	33968
26573	30095
22624	30696
17523	36306
15067	32438
21204	37531
15506	32043
