31087	36885
25278	31506
28083	35321
31313	36634
26194	34167
26101	36957
26173	36752
24735	34578
29783	38371
24638	36708
26536	34031
30530	37936
26646	34054
27014	35629
29712	36933
26989	38373
27313	38652
29983	31965
25841	34727
29371	35937
24719	36237
28408	37431
27660	32255
30158	36530
30787	32791
26223	36739
27778	35769
26589	31573
29546	34550
30733	34469
28067	32012
24935	35801
28688	33340
30452	34907
27020	32854
27127	35555
27537	35406
27700	31958
25288	36023
28042	31543
26943	34720
29452	33042
30639	32381
27953	36433
31030	35589
30818	38800
28136	33528
24446	34880
25291	38903
25355	32045
24043	33185
26558	32683
28416	37183
29927	38366
30205	32085
30505	33221
25613	31821
24814	34197
25811	38724
30071	35965
26170	34507
25970	31951
26270	35912
31067	37918
24774	33820
28596	31468
27856	36467
30434	36878
27029	38889
30568	37471
26457	38675
30188	37104
27125	33252
25185	31451
28171	34287
24044	38860
25413	38804
29925	36026
27901	34551
30820	33144
29475	34821
31171	32846
28285	31811
25350	33096
26310	35408
24468	37585
29858	33217
26001	36693
27709	34618
27724	33414
26988	37535
28282	35233
24624	37007
29434	34932
26312	32511
26923	36738
25882	38868
27736	36254
27023	38097
31157	33974
28486	38750
27634	34102
29338	36044
28024	34625
30203	35537
27485	36202
25343	33953
28480	34288
27627	33726
24347	34609
24001	37035
26875	36310
26734	38231
27334	33538
27531	33402
27263	32606
24162	36952
29984	37470
24574	37421
29009	38634
26822	33056
30088	37991
29292	32818
29007	38649
29376	34363
30677	36453
24403	36360
27774	32304
25584	35425
27277	34443
28157	33975
25242	38163
24782	32443
27917	38254
28069	33901
24387	37845
27481	37836
27373	38535
26667	35037
29321	36725
24747	36899
25934	32722
28772	37339
31181	37428
30005	34915
31106	31461
24787	34621
30723	34567
25744	34354
30440	35666
26150	33469
28734	33049
31104	34195
29200	38957
27300	38796
29303	37341
25124	32768
28382	34601
30193	34952
25203	38484
24925	34913
24314	33688
28822	35974
29807	32078
28117	35244
28128	37230
26997	37602
24850	34416
30052	34293
30670	36216
27187	38024
24481	32484
25820	31432
30426	36194
26205	34395
26169	36260
29076	35600
28938	37519
27354	33370
28698	31840
28859	34396
25209	32878
24478	38280
26701	34260
26631	37193
25835	32324
26924	32520
28156	34106
29281	38713
31123	35327
24844	38277
27316	37707
25543	35298
27664	37347
26413	35808
27382	36951
25645	33034
28194	35848
27902	38241
28672	35278
24921	37540
24954	38444
29836	31523
26260	36916
28190	36259
27826	34759
28435	37614
29295	31613
28893	31689
27686	37494
26206	37882
28564	34634
26398	36555
27665	34793
30117	35804
28079	38582
27541	35697
29924	33596
24889	35626
31005	33539
26784	34892
24920	37659
25759	35133
26663	37454
26464	33911
26769	34047
29621	33139
25776	35253
29172	31656
26834	37033
24964	37425
30144	35322
28546	33564
29799	32413
27663	35695
24858	38548
24033	38441
24006	34732
24909	36485
27011	36300
25423	38834
27435	34918
26490	33478
26534	32327
27279	38103
30441	37442
27126	37663
28749	36000
28200	33061
28794	32405
27137	34733
26716	32278
26847	37340
26766	37971
30404	32919
28725	36051
27431	35476
26485	35134
24518	33997
26763	36829
26525	31795
29642	32174
26383	31756
26816	34828
27177	38131
28264	34148
27343	33864
27112	36184
27042	35076
29449	36845
25917	31677
31158	38811
29508	33719
30943	31683
30060	37529
24524	35492
24073	33223
27938	31532
30202	33966
25902	36361
30051	33173
24666	38591
28437	35703
25605	33923
28187	35316
24807	38279
29608	38883
28965	33694
28097	38362
29883	31497
29004	33224
26264	33191
31140	33867
25655	37131
25858	32331
26117	32232
30308	34331
29347	33307
27145	38047
27307	31982
28711	34974
30558	35258
31075	33670
30017	36682
31063	34878
29377	37990
26978	35617
26960	33314
28595	31939
26747	36333
24521	38571
27529	31388
26154	32604
27504	33891
28575	36733
25394	38886
25952	37828
28091	34316
30586	33859
26603	36123
24370	37656
27683	34059
25672	36153
26897	33878
27063	38542
24062	37329
24586	36971
26257	31409
29056	31887
25420	34169
29509	37059
27172	37419
28958	34458
28870	32942
24983	36587
30693	37039
24702	38310
27341	31835
29348	38200
26372	37731
25066	35825
25633	34862
24343	32371
26394	38382
24143	32524
30833	32197
29223	32189
26580	37594
28721	37942
28743	31526
29329	38239
26636	36392
28431	36698
25478	32332
26335	31895
30421	34801
27101	36521
28811	38849
28878	37989
25428	32265
29167	38522
30285	33148
28693	38823
26014	31938
24465	33594
29669	35068
31321	36991
30596	36268
26297	37793
29977	37752
26653	36089
28914	34422
30162	32545
26639	35752
27402	31808
25205	35100
24926	37188
25488	34866
27426	38762
27903	38141
25335	37786
30393	36382
29516	38048
29671	31964
31107	38412
26085	37472
26693	31967
30433	37785
29031	38134
29705	33397
27698	31751
26120	33592
25265	38118
31018	33524
30416	32467
24326	33648
30196	31615
26287	35914
29735	34238
24235	37767
24591	32245
25606	35183
27803	38094
30673	36898
27233	32694
27114	35923
24115	32349
26022	34992
24979	34873
26902	35377
28978	35313
24870	32264
30697	38144
25574	31863
27752	38117
27509	37482
28967	37266
25321	31707
26963	35507
28327	36251
29141	36373
29063	33363
25572	32540
30429	35966
29597	33574
25928	35268
25996	35352
28954	34100
31198	31624
28142	38340
24904	38594
26453	38085
29327	38177
25600	33679
24410	36834
29677	33052
24654	31549
28656	38104
29968	36661
28696	37800
30657	34065
29575	31969
29486	37218
25274	37414
27787	35004
24631	37296
28556	38494
28628	38938
30174	36559
24310	32739
28690	37965
25603	35723
30887	35787
30284	31708
31169	35493
29394	32588
28968	37820
24991	32004
28606	38682
27648	35907
29291	34891
30907	32469
24893	37000
29382	37212
29584	35350
27237	34834
29421	36491
29969	38958
24865	35647
31129	32796
24931	33118
28773	38399
30544	34903
24949	38517
25538	38891
27349	37220
26065	34770
28270	33808
24652	35635
25875	31510
24349	34561
25493	38583
26031	34202
27202	32733
31346	36231
28861	34602
27278	38702
24671	38736
27225	38487
26718	38569
25102	34038
24614	35988
29478	31681
25507	38008
24164	38278
26559	37285
25075	35917
30022	33898
26299	34519
28063	34348
28189	32415
27695	32515
26522	34225
29014	32158
24247	33735
24901	33650
29973	31658
26848	32152
24658	37308
28949	34659
28726	35983
29536	31394
29570	37498
28634	35975
25549	32016
28068	37813
29351	33965
26053	33714
25400	32336
25008	38910
30819	36783
30784	35763
30540	37657
24134	31496
28912	34718
28512	34427
26618	31776
27973	34976
28209	34611
29817	38395
30132	31518
29959	34957
26685	37961
27962	31814
24948	36993
26748	38859
25872	34305
27656	36347
28762	35142
29926	31438
30941	35489
30514	37360
26356	31695
30782	38612
28692	35417
29109	37711
30628	31896
26274	33793
24531	33111
26495	35116
29532	34959
29702	31710
25729	32692
26655	31505
25368	33554
26628	36424
24445	36315
30313	34235
28516	32742
26438	31833
30029	33558
27561	34044
28304	31822
28844	37422
30509	37808
26554	31600
30424	37118
30375	36607
29879	38518
27796	36145
30781	38746
31134	34842
30603	31819
31230	37081
29988	32314
30824	33721
27728	37790
24436	34042
26218	37718
28390	37070
27528	38326
28086	38298
25677	38730
29339	31498
24125	34484
30873	35047
26673	38512
27976	36489
30669	33453
29958	32777
30171	36568
29174	38895
29631	36205
29777	36684
30119	36212
26933	33486
30139	32925
24205	34685
26373	33043
24281	33671
24337	36488
28533	32969
30740	36199
26951	37875
25372	38570
27367	35466
29839	37895
29744	35890
25384	35982
30442	38367
24618	32175
25638	33423
27462	33826
25503	37440
29711	34556
27619	36901
29237	36387
28513	32133
31345	38230
29218	34938
25260	36855
30612	36640
30030	34546
25289	32573
26813	36435
31347	34002
25717	37580
26815	32737
29495	36061
30716	37106
31007	31595
26881	33940
26711	34111
28119	38566
29161	36076
28000	37741
26607	34540
25761	35447
26565	38408
25067	34724
26938	33734
25708	32311
28846	37955
25627	33881
25763	35916
27075	34949
29798	37910
24708	36839
24568	38155
28104	36932
24306	36053
30077	35924
27884	37279
29203	34233
27655	32147
28449	38537
26746	32978
25027	35933
24911	31927
28577	38906
24238	36324
24715	38161
25982	33124
30481	33175
28322	35705
27098	35761
30360	34657
28054	34462
31180	35112
28803	34683
31212	32610
25138	33484
28867	35301
24147	36035
29398	31508
28329	31585
25844	32162
26658	37652
24385	35892
29414	36352
27161	34780
31363	33245
25266	38683
27905	32724
25141	35019
27268	35894
27391	32880
25678	38205
24552	35094
24453	36255
25387	32542
24470	33520
24339	37595
30973	31842
25631	32589
24978	35199
30121	33038
30031	36415
25227	34299
24832	38107
24553	37411
24373	33583
26473	35297
25660	36017
27437	36705
30676	36277
25484	38294
30884	33250
30847	34852
30307	38139
24713	33193
26684	38217
30861	31657
25565	34440
25906	34056
28491	34322
29900	37037
29577	34748
26696	31734
26922	32935
29954	34512
24986	34830
29051	35575
29605	34654
24055	37256
26399	33053
29197	34178
25204	37969
30035	36102
25201	33237
29380	31911
29430	32811
29530	38838
24550	33090
28460	34526
27452	37237
24605	37945
25788	36312
25412	34935
24590	36365
26872	31877
28869	36919
27767	37042
31024	34412
25348	33296
24519	33024
26906	38635
28492	37586
29703	32119
28923	36112
26041	35980
26470	31897
26585	35553
28373	33291
24588	33054
28494	34019
25313	33158
30889	32373
31159	36882
24287	35376
29513	35137
30630	32069
30924	36699
28592	34016
27661	31753
28084	37052
25764	33154
26032	37683
30591	33988
25530	35432
27943	33990
31277	34998
25801	34140
30277	34397
24885	38461
24117	32667
27642	33785
24360	32305
27491	32776
25437	36148
26927	35194
28077	37044
26051	33967
29264	31847
26314	37798
28663	34241
30423	35036
30979	35318
24728	32663
25152	35148
26625	38076
26116	35954
24834	38471
25214	38096
28904	32984
24254	34077
29907	38289
31149	33165
29911	36046
26871	37777
25992	31902
29897	38956
27227	33235
27311	32904
30297	32767
25904	36574
26181	33722
30732	38012
30725	31566
27214	37899
31117	32421
28050	32449
30041	32160
27755	31745
27820	35830
28348	34863
29837	35520
25366	32106
30933	35287
25691	31936
29690	33569
25861	33180
30245	32393
24302	36345
28895	32363
29982	31668
29752	32008
29322	33389
27467	38802
26323	35457
27874	32101
25624	37269
27550	38607
25610	36544
26791	32176
24447	33838
25147	37122
26472	31693
24503	38337
29333	35872
24276	32053
27625	34021
28165	31913
28953	33917
24608	36716
28011	32989
28340	34700
25256	34390
27858	35150
28882	33879
27825	37055
30777	32575
27301	32272
28302	36226
24789	37829
30258	36772
30330	38364
29663	34139
28754	32360
26556	33120
27164	36412
24230	32537
27889	36606
24002	33880
29091	33548
28108	35236
26253	32218
26226	32547
31243	37653
24228	37854
27637	36578
27356	31445
24709	38423
31097	33944
29130	36564
28413	33531
27654	34795
25086	35314
30926	33662
30653	37400
30305	34337
29045	33952
25990	31644
29945	34212
26178	38078
24219	36802
26697	37330
29726	37906
28197	35392
29859	36247
29440	38046
28386	37424
24438	36448
24994	33971
29116	33521
28391	34483
28841	35615
27807	35232
28544	37274
30936	34018
30757	33653
24575	35222
26397	35967
28792	37034
28089	37720
31050	38427
29407	34995
27110	32330
28529	35451
30638	32213
25925	37320
27400	33323
29814	36358
30595	32317
27880	38791
26611	33334
27369	38407
28959	32650
27007	36751
28659	35683
26159	34080
29136	34269
26056	38870
26757	35851
24203	38477
24327	37590
25623	37267
25559	33563
29026	34642
29354	33281
25562	36313
25753	37624
30878	33763
28661	35738
25479	34124
31219	36238
29796	36168
27542	33686
24321	34389
27295	36967
29867	32310
28669	36747
29468	37086
29462	38318
29515	38515
29349	36055
27800	34632
24501	38916
31311	34605
29585	37234
24184	37917
31137	37674
28215	36626
30240	34859
25356	36386
27273	34647
24244	31988
29601	37771
28369	32775
30976	33922
25237	36193
26880	37662
26402	35766
24393	34814
30830	37579
26563	35388
27904	35863
26743	38172
28363	33629
29920	33133
29169	36775
26311	35035
30178	32677
26940	35129
29386	37135
25440	35079
27484	36468
31014	35540
29102	38211
30810	32535
28589	32188
25607	32841
30001	35951
25869	34173
26430	37766
31011	34159
27539	38733
26796	33105
30949	32662
24578	33228
30985	36849
31370	37840
24070	35174
27608	38760
28312	37443
24077	33030
25813	35672
27824	34822
31178	34562
28771	33084
25734	36859
29754	37733
25175	32917
31058	38874
31257	35363
29113	34328
29319	32933
29687	32177
28191	36031
30320	35416
30033	35745
29408	36417
28984	32104
30236	37824
29453	38790
24867	34482
24222	35185
27862	35978
31249	31629
25119	33068
27694	32486
26217	31706
29688	38411
29749	33742
24581	34092
25239	36282
27758	38301
28051	35009
28956	38821
28919	35773
26140	37847
24467	31874
29196	33439
25667	33201
26790	33696
24625	35309
31039	36321
24908	36463
26244	36755
26337	38719
30366	38101
29697	36534
24895	34825
31052	32745
25850	34573
28999	35964
28021	38069
27178	34113
31205	37085
29356	34963
24377	32173
30331	35644
30802	31754
25255	34013
26932	35538
27067	33083
31084	32634
30579	32795
26019	35136
31021	37192
28140	32528
28088	35834
25993	38215
28211	36109
26007	37433
24097	36034
29332	31575
25679	36064
24806	34245
29899	33896
31222	32025
31040	38813
25721	38114
27671	31774
24758	32980
26261	38573
25515	32728
25893	37288
28969	33487
27363	33035
27428	32696
26632	34089
27148	36804
28022	36179
30561	35558
25037	36190
31357	37455
24270	36722
27640	31830
26006	35805
25683	32110
30681	32458
27234	35243
30189	35182
25959	36631
28646	37236
28877	32819
24155	37311
30496	35040
28897	32902
25089	38466
29715	32918
31081	32083
24737	35311
27267	32698
28334	31548
25711	35056
31361	35484
29001	33072
26025	35876
26098	31738
29083	34132
24831	35365
25483	34716
29228	35364
30947	33408
24955	32675
30759	37630
29745	36998
24922	38604
24194	32543
26656	35679
24988	34206
30084	37262
31154	33460
29707	35504
30389	33352
29140	31788
26204	35374
28742	36327
28195	34309
31006	35196
25666	33708
29600	31525
24120	38111
28114	32862
24816	34097
27768	35638
31323	35239
24603	32555
24861	37307
29487	34265
25593	34590
30480	36289
27723	35335
25914	32958
26681	31561
24136	36079
24847	33541
27364	36627
26704	38555
24303	37283
27087	37060
26376	35874
25369	34806
30894	35096
25115	35090
24745	37750
25448	37686
31279	31737
25364	32086
29975	33918
27116	38305
31008	33216
28018	38227
26641	36554
29128	36939
28352	36842
28654	32735
30303	32033
28341	32459
24153	38740
27079	33089
24434	31696
28250	37929
27844	31744
29124	32400
25474	33171
30946	32686
24316	34144
27746	34249
28793	37658
31373	32387
25745	36988
30706	31606
25158	32973
28977	31462
28196	36642
24152	36662
26761	38359
25897	36908
28339	32279
30021	32671
31195	34263
26723	35832
29021	38786
28874	35020
26823	36117
31209	36692
26562	32700
29727	32789
24704	32446
24457	35088
26588	32043
27881	37878
27205	32886
30234	33806
29506	38400
30055	31593
28100	36469
28205	33342
24405	33483
26780	37809
24085	34675
29115	38587
25752	32364
28407	32145
24862	36728
26263	35525
29647	32442
24078	37977
28910	33212
29519	36362
29843	35169
28858	33754
30053	33571
31228	31720
29178	33215
28313	34865
29586	31581
26216	33304
29829	34459
29940	38528
29437	34993
24684	37978
26535	36819
31384	34058
26616	36529
29763	38490
30058	38391
25222	37453
24857	36861
30367	34701
25169	33257
31354	34645
28603	33063
28866	38630
29039	34099
28902	37812
30557	35229
25740	32050
24066	33761
30197	34676
28220	38887
27381	32007
29275	38322
28974	36391
26807	31924
27868	36170
26256	37796
25309	38893
30273	33082
29033	34323
24583	34682
24829	33530
28204	36379
26599	35598
28092	37281
28996	37473
29625	34778
28526	37770
31316	33489
24295	36673
27882	38759
30799	33903
24530	31845
25819	34799
24940	36683
25427	38238
25709	31910
24320	32027
26026	33312
24051	37943
24283	33698
26177	36389
28622	37076
24891	36843
30879	38524
28428	37747
27489	36938
28824	37141
29587	36185
24781	38621
27240	34450
27629	36700
28644	36809
28242	36130
28540	33441
30136	38331
28548	34719
29032	33126
25681	38605
26970	32840
27684	36696
24149	34290
28566	36450
31047	32618
24984	34413
27632	34325
26952	36579
28939	37232
30843	34355
25411	34414
26265	31536
29334	32054
25374	35699
24422	32295
29111	33943
30354	31531
27331	32149
28451	37418
24996	32463
25109	31899
30944	33170
30606	32802
29415	33094
25339	32138
28624	35999
26992	37563
28708	32489
25058	34636
28709	32668
26760	38563
31329	37862
28393	35135
24139	31942
30768	32490
27376	37743
30292	34794
30663	36837
31341	37963
25738	37756
28701	32602
24277	35909
24887	32526
26250	37133
29998	35175
24863	37637
26882	32042
28155	37452
26367	37393
26540	34308
24522	34334
27248	37194
25444	38438
31009	37514
30748	37167
29388	34807
28007	35082
28825	34300
30797	34991
30849	32718
28248	38589
26876	37255
27357	35323
28586	33493
27798	32422
27074	35849
24065	37020
26650	31481
25551	33759
27224	34304
31337	32590
25328	33179
30511	34196
29996	34730
28980	34848
27925	38773
27574	33817
28291	34971
25556	37105
25080	36676
30281	32241
28750	36608
30364	32635
24263	32065
24057	38059
24699	38126
28358	38792
25283	34107
24683	31645
30482	31994
31041	37092
30766	35024
29949	35106
29096	34432
29311	38920
30042	31477
29378	37478
24795	31837
24872	35852
26359	37468
30537	35757
30062	36404
27353	34872
31182	33430
25092	32769
28769	35173
28461	36177
26277	34620
29974	35868
29219	32376
26252	35011
28319	37371
26778	34091
27996	35915
27699	33448
27950	37548
30274	37354
28035	38368
30475	36317
29344	33678
27105	35012
24253	35919
30239	38320
25989	33549
30347	35300
28185	33122
26659	36509
30252	38054
26461	37225
26172	33092
28537	35749
24375	38668
28331	34939
30602	33262
29617	35132
31071	33140
30211	33525
31260	32721
28881	35950
27095	38002
25651	35614
29816	33091
29312	34855
31066	38654
30213	35058
24358	33285
28482	34693
28618	32793
29916	33424
27453	35708
24997	34172
30642	31875
24488	36561
27967	33949
29134	32438
29103	34858
25658	35714
29543	34268
26786	36506
26567	37685
27920	38819
28840	38812
26602	32864
26220	33752
28758	34447
28585	35663
27900	33079
24020	33238
31381	35379
24773	32262
30845	34053
24628	35940
30747	33655
28739	38677
28835	37792
29445	37724
24902	33981
25526	37815
24092	34867
30721	37763
26166	32885
24080	31890
25642	33267
26003	38708
28293	36325
29068	37949
26283	31392
29301	35642
28645	32844
24526	38900
26652	33234
30456	36120
30336	36959
29645	37850
26306	35532
30149	38927
29695	36763
28245	38440
28673	34296
27336	37201
29525	31435
28328	38226
26195	33843
31151	35085
28848	32211
27554	38871
25698	37254
27997	33710
31126	35611
29736	34678
26091	37826
28627	36709
25967	37259
30611	32011
26759	36054
29855	33376
29580	31495
30271	35368
27374	37243
27061	34975
24165	34086
25733	33429
27388	33616
30792	38432
28135	37643
30491	31482
26735	33980
25098	34274
24362	34940
29488	32517
27375	32408
29693	36161
30276	35560
25217	35347
26596	32930
27589	33261
29243	33019
29120	32075
28207	35208
31299	37626
25230	33946
29710	35120
26661	35592
31385	35581
25082	33871
30478	35563
24396	35310
26104	33579
26097	37474
31285	36690
29533	31568
24195	35664
28441	36674
26705	36934
29658	36510
27097	34453
29061	32423
27802	32094
27751	35415
31358	38352
29411	33704
24094	38297
28611	35690
30554	35066
30597	32951
26480	36085
25443	36914
31262	32529
27035	35616
28616	35007
24267	32064
25354	34103
25944	36067
30835	31463
25100	35990
27009	37374
31115	35017
30938	38271
29578	38327
24371	34247
29442	32869
26752	34478
30108	34746
28314	33779
29199	36039
30105	35402
25117	37013
27289	34928
27358	34279
30783	35609
30567	33813
30501	35797
30090	32859
28757	32521
30403	37009
28805	38646
30154	32109
27445	35994
25548	36419
26303	36549
27090	38064
28531	36785
29419	34485
27111	31926
30722	33591
24993	35274
29999	36797
24175	34317
30092	37773
30378	38629
27350	37290
27118	34357
30883	31746
31036	33299
27668	35404
25395	34818
28057	32736
29210	38525
26309	35074
28017	36155
25408	33302
30811	31799
24767	31784
25184	38006
29504	34320
25358	34668
29664	33005
30831	38306
26545	37053
27130	36746
31112	33301
24801	32706
25913	38940
30667	31740
30014	38081
26955	33462
31237	31588
30432	38822
24810	37861
24617	34877
30355	32014
31214	35295
27292	37742
27594	36366
26966	38295
30982	36620
27401	32699
26782	31867
27477	32107
27745	38816
30533	35957
28800	34627
29822	36218
26812	32157
26811	35748
29087	38090
24739	35821
27117	38640
28415	37734
24971	32753
24928	32451
29518	31642
26017	38485
29790	38617
29451	34461
26712	36960
29856	31935
25108	35896
24121	34146
25307	32940
26349	38223
25591	37242
25128	35677
27340	38291
30422	37606
26669	37762
30865	34662
31103	33174
28462	36926
29678	31876
29502	34259
24027	35331
24127	38292
25287	32220
28554	38846
30287	38143
26785	35201
27944	37641
28374	33973
24112	36006
29619	33386
30377	37801
28581	34960
29812	31946
29448	37352
27606	35257
28032	32092
29374	34929
28903	37521
29157	38308
30344	38309
25901	35855
27317	33890
27012	36149
24722	35275
30372	38509
30340	33830
28148	37304
24069	31892
24915	35591
29316	38503
30874	32693
24454	35810
26818	37827
31246	38837
24693	32485
25712	31454
30978	31853
26866	33833
27657	31966
24792	34444
30157	35395
28901	38698
26315	35676
25649	35319
25034	38202
30803	34751
26079	32261
24698	36865
25357	33979
30563	38615
27908	33748
29046	38885
30588	31626
24509	37844
30934	32689
28033	35284
26428	36807
24366	31582
25165	36151
31364	34930
28557	38455
29753	35343
30061	34261
30167	34549
27371	32983
27777	33674
31272	36989
29771	35006
29086	34768
27064	37067
25692	36736
24697	32804
30881	36782
29823	33153
26921	31411
29484	35211
28323	32391
29659	33078
27859	37485
29846	38209
28168	36928
25898	34190
24160	33589
29913	35630
30447	31783
24161	34533
28963	37031
29012	34696
24183	32645
25461	37451
28438	35968
24296	37902
30711	37940
30116	33229
29689	34062
26247	35103
25336	38622
24191	32716
24535	34968
28380	38492
30851	38261
25560	37975
25762	33669
30854	33219
26968	35139
27792	32073
30142	33633
27021	35403
29588	32498
28823	34660
28982	34721
25825	36344
27304	34908
24475	34123
27348	32067
31012	37469
29632	37764
26290	34787
31377	35727
28602	33608
30067	36743
30834	36137
27487	38036
27911	35168
28702	36525
31090	36444
25601	36232
30227	36318
24336	36536
28064	32077
29262	33958
28013	33550
25023	37376
25644	35162
24819	32658
26809	32452
29022	31460
27705	33777
29889	35620
24643	32834
31120	32562
29184	37161
24740	33624
27748	36279
28127	35033
26477	33762
31060	32474
25765	36381
28066	38504
29078	31984
30357	35547
25706	35069
29417	38342
31114	37107
25985	37816
30895	34988
25246	33606
28638	32326
29236	36350
24200	38125
30925	36868
29661	34230
27257	37463
24621	34479
25480	32258
28417	32424
30655	37944
24989	32554
27216	37028
30099	34588
26546	35055
24961	33834
26962	31743
28591	33757
25041	36904
26210	32985
25194	32576
26164	32159
28552	37983
25005	31502
28138	33575
24529	36127
28651	34110
27047	32760
30089	36188
25839	33766
25199	36777
28929	34456
26035	34286
30821	35433
30621	34639
25226	38428
29465	34251
30093	38243
30346	33560
25050	38178
24707	37189
28502	37822
28202	35569
24797	38413
24543	38530
27857	38394
25617	33724
30068	37507
25521	34766
29144	36691
25375	37727
31372	34665
27249	35564
29978	35367
26408	32379
24527	34592
26893	35051
27963	37024
26158	36853
29766	36975
26821	37115
27175	37846
27355	33645
26318	33807
26436	37271
30608	34666
31268	37156
30047	32837
25398	35858
24157	37344
25055	37465
31048	33691
24028	38266
30910	32217
31086	32270
30072	35369
24636	37739
30335	35283
27780	31533
26071	31610
28280	36915
28993	37310
28045	35286
27515	36032
30987	37045
27681	38833
30101	31702
29774	32750
30997	34973
27347	32666
26937	36657
29477	38102
30472	33081
29616	32199
26537	32294
26317	32132
26234	38250
27891	36948
28610	31697
29127	33638
26211	37966
30185	36363
27583	35734
24414	35960
28418	37388
26582	35128
30678	38950
29255	34189
29581	31628
24610	38201
28697	31641
25497	37366
31320	34956
29432	33780
27050	31862
30438	34985
30734	32406
28394	34921
29446	36156
28111	32151
28523	33632
24650	34405
30661	37293
26629	35572
28839	32670
29527	38602
28214	36302
25327	37951
30216	38034
28263	32619
29886	32587
29860	32747
30929	35701
27841	36744
28633	32181
28326	37490
30945	33298
26914	32402
24013	33374
24903	31750
24180	35131
27167	37489
30844	37048
28268	34466
26074	36546
28862	34116
30427	32074
28907	35098
24808	36042
24492	35541
30315	36328
25036	31855
27559	32889
24074	33832
24761	37496
26884	36997
24505	37247
26732	38218
28239	31722
25690	35061
24348	32710
30991	38765
25280	34574
26411	32581
26948	36405
30771	34857
28478	34911
27744	35422
25815	36644
29557	31556
26294	37016
25889	34487
29778	33784
29221	38788
26491	32538
30605	32448
25077	38357
30407	36087
24742	33640
30615	31539
30353	35706
27886	37574
29271	38181
28455	35571
28880	33442
24212	38421
29224	36798
26395	38937
28849	32773
28795	38133
30566	35934
26282	33695
28900	35698
30334	32088
24599	35684
27351	35688
28717	31766
27492	37209
27999	35702
30728	34369
26034	38526
29602	34612
26675	38317
27687	34127
30718	38581
25059	38922
26800	35121
26762	34826
26414	36494
26538	33504
29868	36710
26709	35877
24692	37068
26000	37925
28243	38613
25823	34886
25247	35505
24395	38625
29607	38409
30600	32927
26456	34885
29985	32244
29942	33076
25798	36368
27405	31793
29805	38758
26742	34072
24812	36182
24096	37222
24049	37587
31338	34000
25172	32362
30758	33166
24627	34370
26973	37542
28071	38701
25608	32352
29425	32359
27549	37795
24354	36286
31266	37680
30814	34673
30805	36147
29542	34278
25646	33247
25571	35046
26687	37908
27828	33614
30050	34894
28379	36874
27760	31535
29901	36714
26328	38233
28662	32396
26232	38474
29261	38454
30664	31590
25025	35170
29240	38270
28590	31650
28740	31393
26497	32812
30983	36154
30091	34736
25558	35536
24135	32814
31229	32565
30860	35022
24668	38945
28181	38618
30989	34889
27791	37893
29119	35181
26598	35744
28847	34890
25578	35815
31057	31420
30618	36543
24258	37439
30593	37102
27988	38562
27195	32977
30020	36595
25447	33176
29980	37181
28444	37492
30080	36771
26092	36672
26714	37596
24695	38204
26368	33283
29849	38182
28976	33445
28182	32891
27033	38164
26446	31996
30858	35438
30506	33189
24432	34147
27789	32468
30054	37317
30361	31810
29654	38925
26814	34517
28258	33810
28456	36454
29919	36263
28172	32378
30527	32093
27245	32805
24802	38264
24359	33021
25652	35678
26983	38648
30682	35869
29819	37251
25814	36961
27113	33617
25312	33811
24564	36795
27188	34713
26774	31489
28943	32838
26649	38921
25522	33278
28558	36480
25969	33196
30801	32992
27585	31651
29888	32967
29723	36667
27598	37920
30083	36029
29112	32246
25064	34711
24304	36019
25373	35502
30686	37873
25407	31937
25797	31872
26354	36018
24913	34710
24355	31778
27833	37313
28994	32569
28430	38307
27124	31941
30523	33715
27553	33552
30201	35390
24914	38135
28909	32567
31315	31569
27555	35095
30692	37213
28137	38269
29402	34909
30187	32649
30893	31724
26862	38473
30010	38071
24646	34493
26452	37337
28865	34213
25060	31592
25101	35545
27685	34576
28466	35397
27811	38717
25365	37207
30037	36301
31220	33857
30164	36122
27769	37202
25927	35306
29840	32871
24703	31480
27786	33058
29956	35014
25441	37459
29036	37631
26432	33929
29097	35361
24511	33915
31053	37412
30909	38924
26690	38672
29182	33888
29929	31953
25676	36867
24859	31421
29244	34166
25909	38067
30839	35031
25430	34831
26171	36796
27937	36337
30248	38933
27628	34869
26482	32986
30853	34060
28737	33937
28162	35789
28801	38710
24007	34035
28764	37214
31368	35398
27593	35497
25137	33743
26129	37729
28400	32727
25912	36348
28465	32420
30341	37227
29050	33983
28469	32591
27321	32504
29375	36464
26993	31765
29680	38437
29337	34980
31113	35594
25719	32572
31339	36124
26722	33994
28098	37859
24476	32170
28246	37610
29285	34376
25083	31940
30163	33186
29220	36759
26422	33202
29304	34823
31142	32357
30374	35554
29674	32179
26494	34553
27739	31662
24981	33099
30024	37597
25310	35332
30580	33454
27672	34347
27246	37049
26799	32035
25916	38404
31074	32616
30449	33331
30225	37392
28152	38353
30304	35898
28964	36144
27566	38643
27181	34491
28490	37249
26340	36888
25540	38065
24271	36438
31064	38597
30479	34584
27972	35371
24549	33814
28613	38251
29436	35884
28712	35032
30869	32108
30295	36518
28262	38606
30841	33449
28820	37011
30798	34302
30147	32120
29206	33534
30219	35109
29612	33308
31111	33208
24433	35993
26744	32137
25828	35770
27109	31665
29989	34925
28731	31970
24778	38105
24827	35083
27432	37350
25132	35210
25701	34819
24449	36922
31375	34585
28525	31771
28579	34628
27058	35204
26820	37948
28129	35436
30914	37564
29758	34919
28784	33989
29931	35329
24428	37712
26487	37607
24630	31796
28745	36249
25308	31820
30486	37355
26077	34452
28265	32169
28026	32080
31156	37709
26524	36107
26532	36073
26191	32856
30592	32209
30704	33782
26076	34216
28652	37569
31314	31834
25017	34155
29287	33588
25513	38023
27080	34613
28945	33551
29463	32851
26587	34386
24443	37874
27924	33681
26119	37676
24919	38026
28797	32394
28587	36520
27530	34946
26451	36234
29241	38551
31359	34670
26425	31442
28467	31915
30962	36221
30891	37976
25703	32384
29248	32680
27418	33613
30444	38890
31023	34520
24547	36996
28791	36332
27517	38458
26831	38942
30532	38183
29672	32522
28132	32024
30103	34394
30897	33582
30871	38878
28842	36495
25577	34057
24109	38268
29737	33001
27636	36774
30709	33623
24939	38276
27236	36227
28145	35443
24672	34318
29035	33444
29314	35027
28831	32205
24567	37457
28600	34437
25614	38705
27459	31400
24122	35471
31077	32127
26040	35865
31328	34508
24661	35720
29131	32022
28807	36460
31073	33425
25341	32196
27141	35251
26396	38712
29801	37136
29535	35023
26139	31449
30280	37979
31224	37909
30009	32845
31374	31888
28464	38829
24685	36629
30610	31609
25220	35197
30141	34884
30396	38674
24229	38080
28398	33087
28565	32741
27194	32479
26382	36486
25241	32434
28539	31719
27853	35389
26503	33644
25392	32124
24974	37650
25795	37695
31201	33360
29357	31625
30175	34816
27288	34406
28521	33972
30737	34515
30690	32964
26266	37698
26128	35246
24615	35759
25476	35231
31091	37151
30512	38723
29951	34007
29456	35911
24596	36200
30659	33392
25415	34226
24009	38959
26994	36582
26037	34758
26954	35681
24572	38033
27084	38058
29593	36671
24237	37165
29507	31893
25136	33955
30094	37403
31026	36675
27564	35807
27576	34931
28475	32238
31092	31522
28423	34531
31192	38457
28857	38260
27832	33284
29165	32937
29813	37992
24626	36421
30775	35478
24655	36487
26878	32348
26144	34429
24365	37655
29521	31631
26100	35288
25337	32287
25609	36617
31197	37429
29496	34941
26073	32676
25122	35220
29794	36913
26330	36668
26674	38346
27865	37660
30857	33432
25851	32714
29780	32974
26442	31758
31100	37302
27039	38481
30570	36275
29909	34079
24108	33578
28056	34555
31101	34979
31281	36015
26901	33051
27711	37038
29893	36560
27591	31567
25087	36474
24944	32786
26679	35362
28483	31980
28109	37390
31078	35605
27936	32691
27652	32681
24087	37303
26584	31914
24645	37775
24352	33545
27961	34738
27871	34498
25699	35005
27604	38332
25785	35242
29489	32477
26067	35179
24875	34076
26064	37046
26381	35445
28043	36532
29013	35856
25225	32040
27038	36983
30975	38851
24110	38237
27010	33850
28381	38510
25810	31430
25254	37123
24144	36401
25051	34165
24717	34997
26765	35419
24825	34966
27860	31512
29670	37108
26262	32982
29947	36330
31309	35089
27532	38657
26501	37169
24788	35386
28635	37175
31295	31574
29505	37544
27438	34075
26193	36195
31176	32306
26835	34626
24533	34026
30467	37435
27016	34310
29282	32523
29784	31782
26788	37571
26108	36176
31366	34017
28087	35891
26819	36815
30176	37333
30454	31492
28850	33289
25876	34690
29480	37853
29892	32993
27675	37014
24972	32389
28284	36500
25421	32971
28448	31998
27115	31787
27505	31755
29277	37417
24053	37561
31033	38531
29825	37017
27949	34637
27261	32758
29757	38236
28854	38568
25943	34336
26548	32491
30138	34577
25622	33403
27799	35985
29143	38778
26058	34785
31135	36267
30153	34256
29365	37077
29633	37748
26292	34898
26415	36788
29093	33390
25926	37284
28931	35400
30420	32830
30808	34063
26057	38066
30742	31616
24282	36531
29720	37002
26990	38100
25032	37867
27480	38203
28856	34131
24146	35671
29234	34262
25625	35490
24177	33474
28555	37781
27414	36040
24592	37217
26093	32123
30073	34045
29423	38691
28706	38948
26389	33584
31241	34619
25702	37821
27396	35038
29930	32556
27552	38025
29364	37369
26416	33190
28212	35945
25452	33028
30279	32638
29396	32622
29095	33664
30966	37066
26143	37578
24837	36025
26364	38402
30696	35646
31304	33643
27025	36614
24367	36490
25516	38824
24817	33036
28167	34191
25445	33104
30002	34899
24681	34250
28216	34350
24510	38460
24876	32492
29594	34861
29738	34384
25273	35026
26486	38451
28615	36011
27588	36222
27211	36605
29054	33773
28305	33685
27894	34797
26706	36108
26730	36946
25399	33611
26481	37179
24451	35452
31259	36329
28046	31586
28983	38626
30302	33848
27926	35751
24718	36292
26825	32708
30140	38014
25459	36069
27251	33767
31308	36400
29529	36214
24208	34052
30837	31686
24676	32251
25710	34431
30641	38210
30829	36434
25661	36870
25249	36854
29392	32447
25174	32439
30286	32832
25867	38611
30827	38303
29933	33003
26240	34897
25038	34138
30905	35509
29257	34248
27635	32155
28149	37555
25281	33963
29208	33416
24700	35603
24899	38213
24746	36860
28670	34595
28383	34223
26276	33771
29845	32319
25537	33652
25221	33599
28405	35920
30999	32751
30455	35048
24811	31705
25960	37565
24186	32095
29441	34419
27678	38872
24712	35958
25196	34282
27472	34777
25125	35798
24750	35045
25931	36581
26417	36768
25166	37305
26008	36095
28052	35628
27365	31440
26551	36589
27733	33906
28275	31608
27149	32883
27434	35444
25921	32290
28812	36827
31034	37062
26965	34734
25404	38725
27106	32518
28008	34157
29904	38624
27051	32257
30741	38908
25756	36378
25873	38287
28330	36409
25557	31779
30368	35552
25042	32392
26180	32842
28636	34622
28838	37788
28409	35215
28070	37475
29701	35213
25362	36893
24762	36493
29634	33239
28075	36511
30815	35870
29615	33921
29274	33851
29655	32466
24677	31618
31325	36167
28926	33163
25378	37953
30940	36803
24075	37589
27417	37323
30609	33455
25465	32790
26858	33169
29217	34048
29391	35927
26145	33920
30634	37120
26635	31429
24771	38952
25135	36016
29249	35217
24880	31446
25718	36004
31043	32250
27254	33932
24912	34270
26099	38092
25866	34403
30184	36781
28306	32200
25346	37040
29831	36846
26590	37810
30113	32941
29016	32269
26509	33313
24622	34951
25849	36812
30263	37537
30299	36423
25824	32342
28134	38752
30687	38453
31318	33138
29640	34709
25519	38862
28614	32532
27146	38197
27122	36243
31324	35230
27741	34171
27836	36014
27017	36028
30631	36813
28674	36118
29934	36257
26553	31486
30963	32076
24005	35941
27812	31825
28913	35080
30623	31818
24037	35461
28392	37090
29166	37143
29797	32687
27483	33127
29461	38475
28655	38673
26466	38739
26768	32595
30172	36941
28261	36599
27385	35686
29520	34792
26163	38195
27493	33672
28990	34481
25899	32586
27160	38546
26840	35654
28112	38520
31383	36976
29213	38465
27134	36962
27482	34382
29964	38584
26379	34972
26879	37522
26400	35508
24576	35223
27155	33770
29637	38576
28343	36230
27948	36253
30691	37823
31070	38145
26125	37326
30223	36814
27280	32599
25319	36965
24579	35269
24442	33865
26459	36033
27815	34220
30229	33909
25081	34130
31302	37907
25951	37297
26084	33266
27297	36273
26832	34150
27649	32678
26327	35948
29222	37413
25029	34218
29450	36515
25643	38801
29215	33271
27250	36338
28889	37382
26203	33240
30169	36407
27219	36013
25084	33178
30278	35828
24943	38593
27500	37510
25895	32855
29576	36385
24669	32931
26184	32577
25750	32298
30502	38027
26135	35762
26895	36789
29361	37130
31161	38754
25741	32126
24098	34364
27228	35455
27538	32734
27403	38777
27562	35458
30301	36769
25406	32048
28733	32625
24473	36262
25778	36936
25043	32339
28660	38807
26063	33388
25831	33450
29613	32367
25974	35859
30124	36084
25118	36524
27294	31619
24604	34198
28472	33840
24714	34338
27059	37583
27849	34934
31234	32284
27150	38079
30744	32552
27144	31700
30510	33499
29293	32260
31297	33750
25946	36059
26055	37700
29944	35431
26202	33025
27392	35643
26174	32230
30100	32493
27761	33647
27107	36303
29498	32953
24951	32425
29263	31850
29503	34594
28504	33150
24312	34137
29416	34744
28074	32350
25460	38728
29861	35717
29769	37887
24759	35814
29573	38564
29280	36376
27073	34129
30448	37916
24088	37142
24906	34267
27276	33720
26637	32071
28928	35601
30401	35776
26905	31858
30390	34351
26606	35092
26114	37648
26215	32890
28384	31439
31082	37178
25088	35903
30129	35704
26423	32084
25664	32471
24275	32273
25894	37892
27210	35668
26727	34492
24551	31560
28192	34234
31248	37332
25749	33689
24647	37378
29802	33321
