24000	24000
24001	24001
24002	24002
24003	24003
24004	24004
24005	24005
24006	24006
24007	24007
24008	24008
24009	24009
24010	24010
24011	24011
24012	24012
24013	24013
24014	24014
24015	24015
24016	24016
24017	24017
24018	24018
24019	24019
24020	24020
24021	24021
24022	24022
24023	24023
24024	24024
24025	24025
24026	24026
24027	24027
24028	24028
24029	24029
24030	24030
24031	24031
24032	24032
24033	24033
24034	24034
24035	24035
24036	24036
24037	24037
24038	24038
24039	24039
24040	24040
24041	24041
24042	24042
24043	24043
24044	24044
24045	24045
24046	24046
24047	24047
24048	24048
24049	24049
24050	24050
24051	24051
24052	24052
24053	24053
24054	24054
24055	24055
24056	24056
24057	24057
24058	24058
24059	24059
24060	24060
24061	24061
24062	24062
24063	24063
24064	24064
24065	24065
24066	24066
24067	24067
24068	24068
24069	24069
24070	24070
24071	24071
24072	24072
24073	24073
24074	24074
24075	24075
24076	24076
24077	24077
24078	24078
24079	24079
24080	24080
24081	24081
24082	24082
24083	24083
24084	24084
24085	24085
24086	24086
24087	24087
24088	24088
24089	24089
24090	24090
24091	24091
24092	24092
24093	24093
24094	24094
24095	24095
24096	24096
24097	24097
24098	24098
24099	24099
24100	24100
24101	24101
24102	24102
24103	24103
24104	24104
24105	24105
24106	24106
24107	24107
24108	24108
24109	24109
24110	24110
24111	24111
24112	24112
24113	24113
24114	24114
24115	24115
24116	24116
24117	24117
24118	24118
24119	24119
24120	24120
24121	24121
24122	24122
24123	24123
24124	24124
24125	24125
24126	24126
24127	24127
24128	24128
24129	24129
24130	24130
24131	24131
24132	24132
24133	24133
24134	24134
24135	24135
24136	24136
24137	24137
24138	24138
24139	24139
24140	24140
24141	24141
24142	24142
24143	24143
24144	24144
24145	24145
24146	24146
24147	24147
24148	24148
24149	24149
24150	24150
24151	24151
24152	24152
24153	24153
24154	24154
24155	24155
24156	24156
24157	24157
24158	24158
24159	24159
24160	24160
24161	24161
24162	24162
24163	24163
24164	24164
24165	24165
24166	24166
24167	24167
24168	24168
24169	24169
24170	24170
24171	24171
24172	24172
24173	24173
24174	24174
24175	24175
24176	24176
24177	24177
24178	24178
24179	24179
24180	24180
24181	24181
24182	24182
24183	24183
24184	24184
24185	24185
24186	24186
24187	24187
24188	24188
24189	24189
24190	24190
24191	24191
24192	24192
24193	24193
24194	24194
24195	24195
24196	24196
24197	24197
24198	24198
24199	24199
24200	24200
24201	24201
24202	24202
24203	24203
24204	24204
24205	24205
24206	24206
24207	24207
24208	24208
24209	24209
24210	24210
24211	24211
24212	24212
24213	24213
24214	24214
24215	24215
24216	24216
24217	24217
24218	24218
24219	24219
24220	24220
24221	24221
24222	24222
24223	24223
24224	24224
24225	24225
24226	24226
24227	24227
24228	24228
24229	24229
24230	24230
24231	24231
24232	24232
24233	24233
24234	24234
24235	24235
24236	24236
24237	24237
24238	24238
24239	24239
24240	24240
24241	24241
24242	24242
24243	24243
24244	24244
24245	24245
24246	24246
24247	24247
24248	24248
24249	24249
24250	24250
24251	24251
24252	24252
24253	24253
24254	24254
24255	24255
24256	24256
24257	24257
24258	24258
24259	24259
24260	24260
24261	24261
24262	24262
24263	24263
24264	24264
24265	24265
24266	24266
24267	24267
24268	24268
24269	24269
24270	24270
24271	24271
24272	24272
24273	24273
24274	24274
24275	24275
24276	24276
24277	24277
24278	24278
24279	24279
24280	24280
24281	24281
24282	24282
24283	24283
24284	24284
24285	24285
24286	24286
24287	24287
24288	24288
24289	24289
24290	24290
24291	24291
24292	24292
24293	24293
24294	24294
24295	24295
24296	24296
24297	24297
24298	24298
24299	24299
24300	24300
24301	24301
24302	24302
24303	24303
24304	24304
24305	24305
24306	24306
24307	24307
24308	24308
24309	24309
24310	24310
24311	24311
24312	24312
24313	24313
24314	24314
24315	24315
24316	24316
24317	24317
24318	24318
24319	24319
24320	24320
24321	24321
24322	24322
24323	24323
24324	24324
24325	24325
24326	24326
24327	24327
24328	24328
24329	24329
24330	24330
24331	24331
24332	24332
24333	24333
24334	24334
24335	24335
24336	24336
24337	24337
24338	24338
24339	24339
24340	24340
24341	24341
24342	24342
24343	24343
24344	24344
24345	24345
24346	24346
24347	24347
24348	24348
24349	24349
24350	24350
24351	24351
24352	24352
24353	24353
24354	24354
24355	24355
24356	24356
24357	24357
24358	24358
24359	24359
24360	24360
24361	24361
24362	24362
24363	24363
24364	24364
24365	24365
24366	24366
24367	24367
24368	24368
24369	24369
24370	24370
24371	24371
24372	24372
24373	24373
24374	24374
24375	24375
24376	24376
24377	24377
24378	24378
24379	24379
24380	24380
24381	24381
24382	24382
24383	24383
24384	24384
24385	24385
24386	24386
24387	24387
24388	24388
24389	24389
24390	24390
24391	24391
24392	24392
24393	24393
24394	24394
24395	24395
24396	24396
24397	24397
24398	24398
24399	24399
24400	24400
24401	24401
24402	24402
24403	24403
24404	24404
24405	24405
24406	24406
24407	24407
24408	24408
24409	24409
24410	24410
24411	24411
24412	24412
24413	24413
24414	24414
24415	24415
24416	24416
24417	24417
24418	24418
24419	24419
24420	24420
24421	24421
24422	24422
24423	24423
24424	24424
24425	24425
24426	24426
24427	24427
24428	24428
24429	24429
24430	24430
24431	24431
24432	24432
24433	24433
24434	24434
24435	24435
24436	24436
24437	24437
24438	24438
24439	24439
24440	24440
24441	24441
24442	24442
24443	24443
24444	24444
24445	24445
24446	24446
24447	24447
24448	24448
24449	24449
24450	24450
24451	24451
24452	24452
24453	24453
24454	24454
24455	24455
24456	24456
24457	24457
24458	24458
24459	24459
24460	24460
24461	24461
24462	24462
24463	24463
24464	24464
24465	24465
24466	24466
24467	24467
24468	24468
24469	24469
24470	24470
24471	24471
24472	24472
24473	24473
24474	24474
24475	24475
24476	24476
24477	24477
24478	24478
24479	24479
24480	24480
24481	24481
24482	24482
24483	24483
24484	24484
24485	24485
24486	24486
24487	24487
24488	24488
24489	24489
24490	24490
24491	24491
24492	24492
24493	24493
24494	24494
24495	24495
24496	24496
24497	24497
24498	24498
24499	24499
24500	24500
24501	24501
24502	24502
24503	24503
24504	24504
24505	24505
24506	24506
24507	24507
24508	24508
24509	24509
24510	24510
24511	24511
24512	24512
24513	24513
24514	24514
24515	24515
24516	24516
24517	24517
24518	24518
24519	24519
24520	24520
24521	24521
24522	24522
24523	24523
24524	24524
24525	24525
24526	24526
24527	24527
24528	24528
24529	24529
24530	24530
24531	24531
24532	24532
24533	24533
24534	24534
24535	24535
24536	24536
24537	24537
24538	24538
24539	24539
24540	24540
24541	24541
24542	24542
24543	24543
24544	24544
24545	24545
24546	24546
24547	24547
24548	24548
24549	24549
24550	24550
24551	24551
24552	24552
24553	24553
24554	24554
24555	24555
24556	24556
24557	24557
24558	24558
24559	24559
24560	24560
24561	24561
24562	24562
24563	24563
24564	24564
24565	24565
24566	24566
24567	24567
24568	24568
24569	24569
24570	24570
24571	24571
24572	24572
24573	24573
24574	24574
24575	24575
24576	24576
24577	24577
24578	24578
24579	24579
24580	24580
24581	24581
24582	24582
24583	24583
24584	24584
24585	24585
24586	24586
24587	24587
24588	24588
24589	24589
24590	24590
24591	24591
24592	24592
24593	24593
24594	24594
24595	24595
24596	24596
24597	24597
24598	24598
24599	24599
24600	24600
24601	24601
24602	24602
24603	24603
24604	24604
24605	24605
24606	24606
24607	24607
24608	24608
24609	24609
24610	24610
24611	24611
24612	24612
24613	24613
24614	24614
24615	24615
24616	24616
24617	24617
24618	24618
24619	24619
24620	24620
24621	24621
24622	24622
24623	24623
24624	24624
24625	24625
24626	24626
24627	24627
24628	24628
24629	24629
24630	24630
24631	24631
24632	24632
24633	24633
24634	24634
24635	24635
24636	24636
24637	24637
24638	24638
24639	24639
24640	24640
24641	24641
24642	24642
24643	24643
24644	24644
24645	24645
24646	24646
24647	24647
24648	24648
24649	24649
24650	24650
24651	24651
24652	24652
24653	24653
24654	24654
24655	24655
24656	24656
24657	24657
24658	24658
24659	24659
24660	24660
24661	24661
24662	24662
24663	24663
24664	24664
24665	24665
24666	24666
24667	24667
24668	24668
24669	24669
24670	24670
24671	24671
24672	24672
24673	24673
24674	24674
24675	24675
24676	24676
24677	24677
24678	24678
24679	24679
24680	24680
24681	24681
24682	24682
24683	24683
24684	24684
24685	24685
24686	24686
24687	24687
24688	24688
24689	24689
24690	24690
24691	24691
24692	24692
24693	24693
24694	24694
24695	24695
24696	24696
24697	24697
24698	24698
24699	24699
24700	24700
24701	24701
24702	24702
24703	24703
24704	24704
24705	24705
24706	24706
24707	24707
24708	24708
24709	24709
24710	24710
24711	24711
24712	24712
24713	24713
24714	24714
24715	24715
24716	24716
24717	24717
24718	24718
24719	24719
24720	24720
24721	24721
24722	24722
24723	24723
24724	24724
24725	24725
24726	24726
24727	24727
24728	24728
24729	24729
24730	24730
24731	24731
24732	24732
24733	24733
24734	24734
24735	24735
24736	24736
24737	24737
24738	24738
24739	24739
24740	24740
24741	24741
24742	24742
24743	24743
24744	24744
24745	24745
24746	24746
24747	24747
24748	24748
24749	24749
24750	24750
24751	24751
24752	24752
24753	24753
24754	24754
24755	24755
24756	24756
24757	24757
24758	24758
24759	24759
24760	24760
24761	24761
24762	24762
24763	24763
24764	24764
24765	24765
24766	24766
24767	24767
24768	24768
24769	24769
24770	24770
24771	24771
24772	24772
24773	24773
24774	24774
24775	24775
24776	24776
24777	24777
24778	24778
24779	24779
24780	24780
24781	24781
24782	24782
24783	24783
24784	24784
24785	24785
24786	24786
24787	24787
24788	24788
24789	24789
24790	24790
24791	24791
24792	24792
24793	24793
24794	24794
24795	24795
24796	24796
24797	24797
24798	24798
24799	24799
24800	24800
24801	24801
24802	24802
24803	24803
24804	24804
24805	24805
24806	24806
24807	24807
24808	24808
24809	24809
24810	24810
24811	24811
24812	24812
24813	24813
24814	24814
24815	24815
24816	24816
24817	24817
24818	24818
24819	24819
24820	24820
24821	24821
24822	24822
24823	24823
24824	24824
24825	24825
24826	24826
24827	24827
24828	24828
24829	24829
24830	24830
24831	24831
24832	24832
24833	24833
24834	24834
24835	24835
24836	24836
24837	24837
24838	24838
24839	24839
24840	24840
24841	24841
24842	24842
24843	24843
24844	24844
24845	24845
24846	24846
24847	24847
24848	24848
24849	24849
24850	24850
24851	24851
24852	24852
24853	24853
24854	24854
24855	24855
24856	24856
24857	24857
24858	24858
24859	24859
24860	24860
24861	24861
24862	24862
24863	24863
24864	24864
24865	24865
24866	24866
24867	24867
24868	24868
24869	24869
24870	24870
24871	24871
24872	24872
24873	24873
24874	24874
24875	24875
24876	24876
24877	24877
24878	24878
24879	24879
24880	24880
24881	24881
24882	24882
24883	24883
24884	24884
24885	24885
24886	24886
24887	24887
24888	24888
24889	24889
24890	24890
24891	24891
24892	24892
24893	24893
24894	24894
24895	24895
24896	24896
24897	24897
24898	24898
24899	24899
24900	24900
24901	24901
24902	24902
24903	24903
24904	24904
24905	24905
24906	24906
24907	24907
24908	24908
24909	24909
24910	24910
24911	24911
24912	24912
24913	24913
24914	24914
24915	24915
24916	24916
24917	24917
24918	24918
24919	24919
24920	24920
24921	24921
24922	24922
24923	24923
24924	24924
24925	24925
24926	24926
24927	24927
24928	24928
24929	24929
24930	24930
24931	24931
24932	24932
24933	24933
24934	24934
24935	24935
24936	24936
24937	24937
24938	24938
24939	24939
24940	24940
24941	24941
24942	24942
24943	24943
24944	24944
24945	24945
24946	24946
24947	24947
24948	24948
24949	24949
24950	24950
24951	24951
24952	24952
24953	24953
24954	24954
24955	24955
24956	24956
24957	24957
24958	24958
24959	24959
24960	24960
24961	24961
24962	24962
24963	24963
24964	24964
24965	24965
24966	24966
24967	24967
24968	24968
24969	24969
24970	24970
24971	24971
24972	24972
24973	24973
24974	24974
24975	24975
24976	24976
24977	24977
24978	24978
24979	24979
24980	24980
24981	24981
24982	24982
24983	24983
24984	24984
24985	24985
24986	24986
24987	24987
24988	24988
24989	24989
24990	24990
24991	24991
24992	24992
24993	24993
24994	24994
24995	24995
24996	24996
24997	24997
24998	24998
24999	24999
25000	25000
25001	25001
25002	25002
25003	25003
25004	25004
25005	25005
25006	25006
25007	25007
25008	25008
25009	25009
25010	25010
25011	25011
25012	25012
25013	25013
25014	25014
25015	25015
25016	25016
25017	25017
25018	25018
25019	25019
25020	25020
25021	25021
25022	25022
25023	25023
25024	25024
25025	25025
25026	25026
25027	25027
25028	25028
25029	25029
25030	25030
25031	25031
25032	25032
25033	25033
25034	25034
25035	25035
25036	25036
25037	25037
25038	25038
25039	25039
25040	25040
25041	25041
25042	25042
25043	25043
25044	25044
25045	25045
25046	25046
25047	25047
25048	25048
25049	25049
25050	25050
25051	25051
25052	25052
25053	25053
25054	25054
25055	25055
25056	25056
25057	25057
25058	25058
25059	25059
25060	25060
25061	25061
25062	25062
25063	25063
25064	25064
25065	25065
25066	25066
25067	25067
25068	25068
25069	25069
25070	25070
25071	25071
25072	25072
25073	25073
25074	25074
25075	25075
25076	25076
25077	25077
25078	25078
25079	25079
25080	25080
25081	25081
25082	25082
25083	25083
25084	25084
25085	25085
25086	25086
25087	25087
25088	25088
25089	25089
25090	25090
25091	25091
25092	25092
25093	25093
25094	25094
25095	25095
25096	25096
25097	25097
25098	25098
25099	25099
25100	25100
25101	25101
25102	25102
25103	25103
25104	25104
25105	25105
25106	25106
25107	25107
25108	25108
25109	25109
25110	25110
25111	25111
25112	25112
25113	25113
25114	25114
25115	25115
25116	25116
25117	25117
25118	25118
25119	25119
25120	25120
25121	25121
25122	25122
25123	25123
25124	25124
25125	25125
25126	25126
25127	25127
25128	25128
25129	25129
25130	25130
25131	25131
25132	25132
25133	25133
25134	25134
25135	25135
25136	25136
25137	25137
25138	25138
25139	25139
25140	25140
25141	25141
25142	25142
25143	25143
25144	25144
25145	25145
25146	25146
25147	25147
25148	25148
25149	25149
25150	25150
25151	25151
25152	25152
25153	25153
25154	25154
25155	25155
25156	25156
25157	25157
25158	25158
25159	25159
25160	25160
25161	25161
25162	25162
25163	25163
25164	25164
25165	25165
25166	25166
25167	25167
25168	25168
25169	25169
25170	25170
25171	25171
25172	25172
25173	25173
25174	25174
25175	25175
25176	25176
25177	25177
25178	25178
25179	25179
25180	25180
25181	25181
25182	25182
25183	25183
25184	25184
25185	25185
25186	25186
25187	25187
25188	25188
25189	25189
25190	25190
25191	25191
25192	25192
25193	25193
25194	25194
25195	25195
25196	25196
25197	25197
25198	25198
25199	25199
25200	25200
25201	25201
25202	25202
25203	25203
25204	25204
25205	25205
25206	25206
25207	25207
25208	25208
25209	25209
25210	25210
25211	25211
25212	25212
25213	25213
25214	25214
25215	25215
25216	25216
25217	25217
25218	25218
25219	25219
25220	25220
25221	25221
25222	25222
25223	25223
25224	25224
25225	25225
25226	25226
25227	25227
25228	25228
25229	25229
25230	25230
25231	25231
25232	25232
25233	25233
25234	25234
25235	25235
25236	25236
25237	25237
25238	25238
25239	25239
25240	25240
25241	25241
25242	25242
25243	25243
25244	25244
25245	25245
25246	25246
25247	25247
25248	25248
25249	25249
25250	25250
25251	25251
25252	25252
25253	25253
25254	25254
25255	25255
25256	25256
25257	25257
25258	25258
25259	25259
25260	25260
25261	25261
25262	25262
25263	25263
25264	25264
25265	25265
25266	25266
25267	25267
25268	25268
25269	25269
25270	25270
25271	25271
25272	25272
25273	25273
25274	25274
25275	25275
25276	25276
25277	25277
25278	25278
25279	25279
25280	25280
25281	25281
25282	25282
25283	25283
25284	25284
25285	25285
25286	25286
25287	25287
25288	25288
25289	25289
25290	25290
25291	25291
25292	25292
25293	25293
25294	25294
25295	25295
25296	25296
25297	25297
25298	25298
25299	25299
25300	25300
25301	25301
25302	25302
25303	25303
25304	25304
25305	25305
25306	25306
25307	25307
25308	25308
25309	25309
25310	25310
25311	25311
25312	25312
25313	25313
25314	25314
25315	25315
25316	25316
25317	25317
25318	25318
25319	25319
25320	25320
25321	25321
25322	25322
25323	25323
25324	25324
25325	25325
25326	25326
25327	25327
25328	25328
25329	25329
25330	25330
25331	25331
25332	25332
25333	25333
25334	25334
25335	25335
25336	25336
25337	25337
25338	25338
25339	25339
25340	25340
25341	25341
25342	25342
25343	25343
25344	25344
25345	25345
25346	25346
25347	25347
25348	25348
25349	25349
25350	25350
25351	25351
25352	25352
25353	25353
25354	25354
25355	25355
25356	25356
25357	25357
25358	25358
25359	25359
25360	25360
25361	25361
25362	25362
25363	25363
25364	25364
25365	25365
25366	25366
25367	25367
25368	25368
25369	25369
25370	25370
25371	25371
25372	25372
25373	25373
25374	25374
25375	25375
25376	25376
25377	25377
25378	25378
25379	25379
25380	25380
25381	25381
25382	25382
25383	25383
25384	25384
25385	25385
25386	25386
25387	25387
25388	25388
25389	25389
25390	25390
25391	25391
25392	25392
25393	25393
25394	25394
25395	25395
25396	25396
25397	25397
25398	25398
25399	25399
25400	25400
25401	25401
25402	25402
25403	25403
25404	25404
25405	25405
25406	25406
25407	25407
25408	25408
25409	25409
25410	25410
25411	25411
25412	25412
25413	25413
25414	25414
25415	25415
25416	25416
25417	25417
25418	25418
25419	25419
25420	25420
25421	25421
25422	25422
25423	25423
25424	25424
25425	25425
25426	25426
25427	25427
25428	25428
25429	25429
25430	25430
25431	25431
25432	25432
25433	25433
25434	25434
25435	25435
25436	25436
25437	25437
25438	25438
25439	25439
25440	25440
25441	25441
25442	25442
25443	25443
25444	25444
25445	25445
25446	25446
25447	25447
25448	25448
25449	25449
25450	25450
25451	25451
25452	25452
25453	25453
25454	25454
25455	25455
25456	25456
25457	25457
25458	25458
25459	25459
25460	25460
25461	25461
25462	25462
25463	25463
25464	25464
25465	25465
25466	25466
25467	25467
25468	25468
25469	25469
25470	25470
25471	25471
25472	25472
25473	25473
25474	25474
25475	25475
25476	25476
25477	25477
25478	25478
25479	25479
25480	25480
25481	25481
25482	25482
25483	25483
25484	25484
25485	25485
25486	25486
25487	25487
25488	25488
25489	25489
25490	25490
25491	25491
25492	25492
25493	25493
25494	25494
25495	25495
25496	25496
25497	25497
25498	25498
25499	25499
25500	25500
25501	25501
25502	25502
25503	25503
25504	25504
25505	25505
25506	25506
25507	25507
25508	25508
25509	25509
25510	25510
25511	25511
25512	25512
25513	25513
25514	25514
25515	25515
25516	25516
25517	25517
25518	25518
25519	25519
25520	25520
25521	25521
25522	25522
25523	25523
25524	25524
25525	25525
25526	25526
25527	25527
25528	25528
25529	25529
25530	25530
25531	25531
25532	25532
25533	25533
25534	25534
25535	25535
25536	25536
25537	25537
25538	25538
25539	25539
25540	25540
25541	25541
25542	25542
25543	25543
25544	25544
25545	25545
25546	25546
25547	25547
25548	25548
25549	25549
25550	25550
25551	25551
25552	25552
25553	25553
25554	25554
25555	25555
25556	25556
25557	25557
25558	25558
25559	25559
25560	25560
25561	25561
25562	25562
25563	25563
25564	25564
25565	25565
25566	25566
25567	25567
25568	25568
25569	25569
25570	25570
25571	25571
25572	25572
25573	25573
25574	25574
25575	25575
25576	25576
25577	25577
25578	25578
25579	25579
25580	25580
25581	25581
25582	25582
25583	25583
25584	25584
25585	25585
25586	25586
25587	25587
25588	25588
25589	25589
25590	25590
25591	25591
25592	25592
25593	25593
25594	25594
25595	25595
25596	25596
25597	25597
25598	25598
25599	25599
25600	25600
25601	25601
25602	25602
25603	25603
25604	25604
25605	25605
25606	25606
25607	25607
25608	25608
25609	25609
25610	25610
25611	25611
25612	25612
25613	25613
25614	25614
25615	25615
25616	25616
25617	25617
25618	25618
25619	25619
25620	25620
25621	25621
25622	25622
25623	25623
25624	25624
25625	25625
25626	25626
25627	25627
25628	25628
25629	25629
25630	25630
25631	25631
25632	25632
25633	25633
25634	25634
25635	25635
25636	25636
25637	25637
25638	25638
25639	25639
25640	25640
25641	25641
25642	25642
25643	25643
25644	25644
25645	25645
25646	25646
25647	25647
25648	25648
25649	25649
25650	25650
25651	25651
25652	25652
25653	25653
25654	25654
25655	25655
25656	25656
25657	25657
25658	25658
25659	25659
25660	25660
25661	25661
25662	25662
25663	25663
25664	25664
25665	25665
25666	25666
25667	25667
25668	25668
25669	25669
25670	25670
25671	25671
25672	25672
25673	25673
25674	25674
25675	25675
25676	25676
25677	25677
25678	25678
25679	25679
25680	25680
25681	25681
25682	25682
25683	25683
25684	25684
25685	25685
25686	25686
25687	25687
25688	25688
25689	25689
25690	25690
25691	25691
25692	25692
25693	25693
25694	25694
25695	25695
25696	25696
25697	25697
25698	25698
25699	25699
25700	25700
25701	25701
25702	25702
25703	25703
25704	25704
25705	25705
25706	25706
25707	25707
25708	25708
25709	25709
25710	25710
25711	25711
25712	25712
25713	25713
25714	25714
25715	25715
25716	25716
25717	25717
25718	25718
25719	25719
25720	25720
25721	25721
25722	25722
25723	25723
25724	25724
25725	25725
25726	25726
25727	25727
25728	25728
25729	25729
25730	25730
25731	25731
25732	25732
25733	25733
25734	25734
25735	25735
25736	25736
25737	25737
25738	25738
25739	25739
25740	25740
25741	25741
25742	25742
25743	25743
25744	25744
25745	25745
25746	25746
25747	25747
25748	25748
25749	25749
25750	25750
25751	25751
25752	25752
25753	25753
25754	25754
25755	25755
25756	25756
25757	25757
25758	25758
25759	25759
25760	25760
25761	25761
25762	25762
25763	25763
25764	25764
25765	25765
25766	25766
25767	25767
25768	25768
25769	25769
25770	25770
25771	25771
25772	25772
25773	25773
25774	25774
25775	25775
25776	25776
25777	25777
25778	25778
25779	25779
25780	25780
25781	25781
25782	25782
25783	25783
25784	25784
25785	25785
25786	25786
25787	25787
25788	25788
25789	25789
25790	25790
25791	25791
25792	25792
25793	25793
25794	25794
25795	25795
25796	25796
25797	25797
25798	25798
25799	25799
25800	25800
25801	25801
25802	25802
25803	25803
25804	25804
25805	25805
25806	25806
25807	25807
25808	25808
25809	25809
25810	25810
25811	25811
25812	25812
25813	25813
25814	25814
25815	25815
25816	25816
25817	25817
25818	25818
25819	25819
25820	25820
25821	25821
25822	25822
25823	25823
25824	25824
25825	25825
25826	25826
25827	25827
25828	25828
25829	25829
25830	25830
25831	25831
25832	25832
25833	25833
25834	25834
25835	25835
25836	25836
25837	25837
25838	25838
25839	25839
25840	25840
25841	25841
25842	25842
25843	25843
25844	25844
25845	25845
25846	25846
25847	25847
25848	25848
25849	25849
25850	25850
25851	25851
25852	25852
25853	25853
25854	25854
25855	25855
25856	25856
25857	25857
25858	25858
25859	25859
25860	25860
25861	25861
25862	25862
25863	25863
25864	25864
25865	25865
25866	25866
25867	25867
25868	25868
25869	25869
25870	25870
25871	25871
25872	25872
25873	25873
25874	25874
25875	25875
25876	25876
25877	25877
25878	25878
25879	25879
25880	25880
25881	25881
25882	25882
25883	25883
25884	25884
25885	25885
25886	25886
25887	25887
25888	25888
25889	25889
25890	25890
25891	25891
25892	25892
25893	25893
25894	25894
25895	25895
25896	25896
25897	25897
25898	25898
25899	25899
25900	25900
25901	25901
25902	25902
25903	25903
25904	25904
25905	25905
25906	25906
25907	25907
25908	25908
25909	25909
25910	25910
25911	25911
25912	25912
25913	25913
25914	25914
25915	25915
25916	25916
25917	25917
25918	25918
25919	25919
25920	25920
25921	25921
25922	25922
25923	25923
25924	25924
25925	25925
25926	25926
25927	25927
25928	25928
25929	25929
25930	25930
25931	25931
25932	25932
25933	25933
25934	25934
25935	25935
25936	25936
25937	25937
25938	25938
25939	25939
25940	25940
25941	25941
25942	25942
25943	25943
25944	25944
25945	25945
25946	25946
25947	25947
25948	25948
25949	25949
25950	25950
25951	25951
25952	25952
25953	25953
25954	25954
25955	25955
25956	25956
25957	25957
25958	25958
25959	25959
25960	25960
25961	25961
25962	25962
25963	25963
25964	25964
25965	25965
25966	25966
25967	25967
25968	25968
25969	25969
25970	25970
25971	25971
25972	25972
25973	25973
25974	25974
25975	25975
25976	25976
25977	25977
25978	25978
25979	25979
25980	25980
25981	25981
25982	25982
25983	25983
25984	25984
25985	25985
25986	25986
25987	25987
25988	25988
25989	25989
25990	25990
25991	25991
25992	25992
25993	25993
25994	25994
25995	25995
25996	25996
25997	25997
25998	25998
25999	25999
26000	26000
26001	26001
26002	26002
26003	26003
26004	26004
26005	26005
26006	26006
26007	26007
26008	26008
26009	26009
26010	26010
26011	26011
26012	26012
26013	26013
26014	26014
26015	26015
26016	26016
26017	26017
26018	26018
26019	26019
26020	26020
26021	26021
26022	26022
26023	26023
26024	26024
26025	26025
26026	26026
26027	26027
26028	26028
26029	26029
26030	26030
26031	26031
26032	26032
26033	26033
26034	26034
26035	26035
26036	26036
26037	26037
26038	26038
26039	26039
26040	26040
26041	26041
26042	26042
26043	26043
26044	26044
26045	26045
26046	26046
26047	26047
26048	26048
26049	26049
26050	26050
26051	26051
26052	26052
26053	26053
26054	26054
26055	26055
26056	26056
26057	26057
26058	26058
26059	26059
26060	26060
26061	26061
26062	26062
26063	26063
26064	26064
26065	26065
26066	26066
26067	26067
26068	26068
26069	26069
26070	26070
26071	26071
26072	26072
26073	26073
26074	26074
26075	26075
26076	26076
26077	26077
26078	26078
26079	26079
26080	26080
26081	26081
26082	26082
26083	26083
26084	26084
26085	26085
26086	26086
26087	26087
26088	26088
26089	26089
26090	26090
26091	26091
26092	26092
26093	26093
26094	26094
26095	26095
26096	26096
26097	26097
26098	26098
26099	26099
26100	26100
26101	26101
26102	26102
26103	26103
26104	26104
26105	26105
26106	26106
26107	26107
26108	26108
26109	26109
26110	26110
26111	26111
26112	26112
26113	26113
26114	26114
26115	26115
26116	26116
26117	26117
26118	26118
26119	26119
26120	26120
26121	26121
26122	26122
26123	26123
26124	26124
26125	26125
26126	26126
26127	26127
26128	26128
26129	26129
26130	26130
26131	26131
26132	26132
26133	26133
26134	26134
26135	26135
26136	26136
26137	26137
26138	26138
26139	26139
26140	26140
26141	26141
26142	26142
26143	26143
26144	26144
26145	26145
26146	26146
26147	26147
26148	26148
26149	26149
26150	26150
26151	26151
26152	26152
26153	26153
26154	26154
26155	26155
26156	26156
26157	26157
26158	26158
26159	26159
26160	26160
26161	26161
26162	26162
26163	26163
26164	26164
26165	26165
26166	26166
26167	26167
26168	26168
26169	26169
26170	26170
26171	26171
26172	26172
26173	26173
26174	26174
26175	26175
26176	26176
26177	26177
26178	26178
26179	26179
26180	26180
26181	26181
26182	26182
26183	26183
26184	26184
26185	26185
26186	26186
26187	26187
26188	26188
26189	26189
26190	26190
26191	26191
26192	26192
26193	26193
26194	26194
26195	26195
26196	26196
26197	26197
26198	26198
26199	26199
26200	26200
26201	26201
26202	26202
26203	26203
26204	26204
26205	26205
26206	26206
26207	26207
26208	26208
26209	26209
26210	26210
26211	26211
26212	26212
26213	26213
26214	26214
26215	26215
26216	26216
26217	26217
26218	26218
26219	26219
26220	26220
26221	26221
26222	26222
26223	26223
26224	26224
26225	26225
26226	26226
26227	26227
26228	26228
26229	26229
26230	26230
26231	26231
26232	26232
26233	26233
26234	26234
26235	26235
26236	26236
26237	26237
26238	26238
26239	26239
26240	26240
26241	26241
26242	26242
26243	26243
26244	26244
26245	26245
26246	26246
26247	26247
26248	26248
26249	26249
26250	26250
26251	26251
26252	26252
26253	26253
26254	26254
26255	26255
26256	26256
26257	26257
26258	26258
26259	26259
26260	26260
26261	26261
26262	26262
26263	26263
26264	26264
26265	26265
26266	26266
26267	26267
26268	26268
26269	26269
26270	26270
26271	26271
26272	26272
26273	26273
26274	26274
26275	26275
26276	26276
26277	26277
26278	26278
26279	26279
26280	26280
26281	26281
26282	26282
26283	26283
26284	26284
26285	26285
26286	26286
26287	26287
26288	26288
26289	26289
26290	26290
26291	26291
26292	26292
26293	26293
26294	26294
26295	26295
26296	26296
26297	26297
26298	26298
26299	26299
26300	26300
26301	26301
26302	26302
26303	26303
26304	26304
26305	26305
26306	26306
26307	26307
26308	26308
26309	26309
26310	26310
26311	26311
26312	26312
26313	26313
26314	26314
26315	26315
26316	26316
26317	26317
26318	26318
26319	26319
26320	26320
26321	26321
26322	26322
26323	26323
26324	26324
26325	26325
26326	26326
26327	26327
26328	26328
26329	26329
26330	26330
26331	26331
26332	26332
26333	26333
26334	26334
26335	26335
26336	26336
26337	26337
26338	26338
26339	26339
26340	26340
26341	26341
26342	26342
26343	26343
26344	26344
26345	26345
26346	26346
26347	26347
26348	26348
26349	26349
26350	26350
26351	26351
26352	26352
26353	26353
26354	26354
26355	26355
26356	26356
26357	26357
26358	26358
26359	26359
26360	26360
26361	26361
26362	26362
26363	26363
26364	26364
26365	26365
26366	26366
26367	26367
26368	26368
26369	26369
26370	26370
26371	26371
26372	26372
26373	26373
26374	26374
26375	26375
26376	26376
26377	26377
26378	26378
26379	26379
26380	26380
26381	26381
26382	26382
26383	26383
26384	26384
26385	26385
26386	26386
26387	26387
26388	26388
26389	26389
26390	26390
26391	26391
26392	26392
26393	26393
26394	26394
26395	26395
26396	26396
26397	26397
26398	26398
26399	26399
26400	26400
26401	26401
26402	26402
26403	26403
26404	26404
26405	26405
26406	26406
26407	26407
26408	26408
26409	26409
26410	26410
26411	26411
26412	26412
26413	26413
26414	26414
26415	26415
26416	26416
26417	26417
26418	26418
26419	26419
26420	26420
26421	26421
26422	26422
26423	26423
26424	26424
26425	26425
26426	26426
26427	26427
26428	26428
26429	26429
26430	26430
26431	26431
26432	26432
26433	26433
26434	26434
26435	26435
26436	26436
26437	26437
26438	26438
26439	26439
26440	26440
26441	26441
26442	26442
26443	26443
26444	26444
26445	26445
26446	26446
26447	26447
26448	26448
26449	26449
26450	26450
26451	26451
26452	26452
26453	26453
26454	26454
26455	26455
26456	26456
26457	26457
26458	26458
26459	26459
26460	26460
26461	26461
26462	26462
26463	26463
26464	26464
26465	26465
26466	26466
26467	26467
26468	26468
26469	26469
26470	26470
26471	26471
26472	26472
26473	26473
26474	26474
26475	26475
26476	26476
26477	26477
26478	26478
26479	26479
26480	26480
26481	26481
26482	26482
26483	26483
26484	26484
26485	26485
26486	26486
26487	26487
26488	26488
26489	26489
26490	26490
26491	26491
26492	26492
26493	26493
26494	26494
26495	26495
26496	26496
26497	26497
26498	26498
26499	26499
26500	26500
26501	26501
26502	26502
26503	26503
26504	26504
26505	26505
26506	26506
26507	26507
26508	26508
26509	26509
26510	26510
26511	26511
26512	26512
26513	26513
26514	26514
26515	26515
26516	26516
26517	26517
26518	26518
26519	26519
26520	26520
26521	26521
26522	26522
26523	26523
26524	26524
26525	26525
26526	26526
26527	26527
26528	26528
26529	26529
26530	26530
26531	26531
26532	26532
26533	26533
26534	26534
26535	26535
26536	26536
26537	26537
26538	26538
26539	26539
26540	26540
26541	26541
26542	26542
26543	26543
26544	26544
26545	26545
26546	26546
26547	26547
26548	26548
26549	26549
26550	26550
26551	26551
26552	26552
26553	26553
26554	26554
26555	26555
26556	26556
26557	26557
26558	26558
26559	26559
26560	26560
26561	26561
26562	26562
26563	26563
26564	26564
26565	26565
26566	26566
26567	26567
26568	26568
26569	26569
26570	26570
26571	26571
26572	26572
26573	26573
26574	26574
26575	26575
26576	26576
26577	26577
26578	26578
26579	26579
26580	26580
26581	26581
26582	26582
26583	26583
26584	26584
26585	26585
26586	26586
26587	26587
26588	26588
26589	26589
26590	26590
26591	26591
26592	26592
26593	26593
26594	26594
26595	26595
26596	26596
26597	26597
26598	26598
26599	26599
26600	26600
26601	26601
26602	26602
26603	26603
26604	26604
26605	26605
26606	26606
26607	26607
26608	26608
26609	26609
26610	26610
26611	26611
26612	26612
26613	26613
26614	26614
26615	26615
26616	26616
26617	26617
26618	26618
26619	26619
26620	26620
26621	26621
26622	26622
26623	26623
26624	26624
26625	26625
26626	26626
26627	26627
26628	26628
26629	26629
26630	26630
26631	26631
26632	26632
26633	26633
26634	26634
26635	26635
26636	26636
26637	26637
26638	26638
26639	26639
26640	26640
26641	26641
26642	26642
26643	26643
26644	26644
26645	26645
26646	26646
26647	26647
26648	26648
26649	26649
26650	26650
26651	26651
26652	26652
26653	26653
26654	26654
26655	26655
26656	26656
26657	26657
26658	26658
26659	26659
26660	26660
26661	26661
26662	26662
26663	26663
26664	26664
26665	26665
26666	26666
26667	26667
26668	26668
26669	26669
26670	26670
26671	26671
26672	26672
26673	26673
26674	26674
26675	26675
26676	26676
26677	26677
26678	26678
26679	26679
26680	26680
26681	26681
26682	26682
26683	26683
26684	26684
26685	26685
26686	26686
26687	26687
26688	26688
26689	26689
26690	26690
26691	26691
26692	26692
26693	26693
26694	26694
26695	26695
26696	26696
26697	26697
26698	26698
26699	26699
26700	26700
26701	26701
26702	26702
26703	26703
26704	26704
26705	26705
26706	26706
26707	26707
26708	26708
26709	26709
26710	26710
26711	26711
26712	26712
26713	26713
26714	26714
26715	26715
26716	26716
26717	26717
26718	26718
26719	26719
26720	26720
26721	26721
26722	26722
26723	26723
26724	26724
26725	26725
26726	26726
26727	26727
26728	26728
26729	26729
26730	26730
26731	26731
26732	26732
26733	26733
26734	26734
26735	26735
26736	26736
26737	26737
26738	26738
26739	26739
26740	26740
26741	26741
26742	26742
26743	26743
26744	26744
26745	26745
26746	26746
26747	26747
26748	26748
26749	26749
26750	26750
26751	26751
26752	26752
26753	26753
26754	26754
26755	26755
26756	26756
26757	26757
26758	26758
26759	26759
26760	26760
26761	26761
26762	26762
26763	26763
26764	26764
26765	26765
26766	26766
26767	26767
26768	26768
26769	26769
26770	26770
26771	26771
26772	26772
26773	26773
26774	26774
26775	26775
26776	26776
26777	26777
26778	26778
26779	26779
26780	26780
26781	26781
26782	26782
26783	26783
26784	26784
26785	26785
26786	26786
26787	26787
26788	26788
26789	26789
26790	26790
26791	26791
26792	26792
26793	26793
26794	26794
26795	26795
26796	26796
26797	26797
26798	26798
26799	26799
26800	26800
26801	26801
26802	26802
26803	26803
26804	26804
26805	26805
26806	26806
26807	26807
26808	26808
26809	26809
26810	26810
26811	26811
26812	26812
26813	26813
26814	26814
26815	26815
26816	26816
26817	26817
26818	26818
26819	26819
26820	26820
26821	26821
26822	26822
26823	26823
26824	26824
26825	26825
26826	26826
26827	26827
26828	26828
26829	26829
26830	26830
26831	26831
26832	26832
26833	26833
26834	26834
26835	26835
26836	26836
26837	26837
26838	26838
26839	26839
26840	26840
26841	26841
26842	26842
26843	26843
26844	26844
26845	26845
26846	26846
26847	26847
26848	26848
26849	26849
26850	26850
26851	26851
26852	26852
26853	26853
26854	26854
26855	26855
26856	26856
26857	26857
26858	26858
26859	26859
26860	26860
26861	26861
26862	26862
26863	26863
26864	26864
26865	26865
26866	26866
26867	26867
26868	26868
26869	26869
26870	26870
26871	26871
26872	26872
26873	26873
26874	26874
26875	26875
26876	26876
26877	26877
26878	26878
26879	26879
26880	26880
26881	26881
26882	26882
26883	26883
26884	26884
26885	26885
26886	26886
26887	26887
26888	26888
26889	26889
26890	26890
26891	26891
26892	26892
26893	26893
26894	26894
26895	26895
26896	26896
26897	26897
26898	26898
26899	26899
26900	26900
26901	26901
26902	26902
26903	26903
26904	26904
26905	26905
26906	26906
26907	26907
26908	26908
26909	26909
26910	26910
26911	26911
26912	26912
26913	26913
26914	26914
26915	26915
26916	26916
26917	26917
26918	26918
26919	26919
26920	26920
26921	26921
26922	26922
26923	26923
26924	26924
26925	26925
26926	26926
26927	26927
26928	26928
26929	26929
26930	26930
26931	26931
26932	26932
26933	26933
26934	26934
26935	26935
26936	26936
26937	26937
26938	26938
26939	26939
26940	26940
26941	26941
26942	26942
26943	26943
26944	26944
26945	26945
26946	26946
26947	26947
26948	26948
26949	26949
26950	26950
26951	26951
26952	26952
26953	26953
26954	26954
26955	26955
26956	26956
26957	26957
26958	26958
26959	26959
26960	26960
26961	26961
26962	26962
26963	26963
26964	26964
26965	26965
26966	26966
26967	26967
26968	26968
26969	26969
26970	26970
26971	26971
26972	26972
26973	26973
26974	26974
26975	26975
26976	26976
26977	26977
26978	26978
26979	26979
26980	26980
26981	26981
26982	26982
26983	26983
26984	26984
26985	26985
26986	26986
26987	26987
26988	26988
26989	26989
26990	26990
26991	26991
26992	26992
26993	26993
26994	26994
26995	26995
26996	26996
26997	26997
26998	26998
26999	26999
