24563	30214
27336	38526
22593	29273
18389	34736
27537	35976
25820	38797
18684	34885
21310	31541
25015	36578
18365	35586
25234	34190
20196	35047
24557	29750
22162	35664
20490	29549
21624	36325
19064	35019
18233	30705
28193	37145
24975	36953
28083	33525
20135	29714
19040	30656
22089	32049
19670	34536
23789	37064
20606	37564
19230	37807
18642	29408
21499	37592
19289	35227
23372	29244
22110	35973
18894	28673
24573	31732
18256	34641
22984	28608
23456	29588
22858	35295
23024	30865
22443	38057
18248	32872
18666	32199
19631	34082
27009	31284
26208	30050
25058	31942
22256	33946
24873	36128
22289	32549
24125	30114
23112	37789
19315	36069
26360	29783
18064	30211
27787	28807
26944	30223
28043	29276
22313	33781
24123	31595
27740	31684
25385	34334
25785	36331
18847	29180
22878	28568
23526	37889
21175	37967
22527	37964
25475	35951
23300	37732
18491	36090
23492	30017
25037	31900
24259	38034
21061	33510
23668	37673
18091	35598
21697	34049
26025	31855
26092	38845
23635	33482
22514	34995
23897	29027
20938	35614
26009	28619
24962	30862
20666	33436
25635	37110
26340	38327
21020	31464
22561	33942
24638	37482
25271	30168
21413	33873
21919	37292
22223	36433
23472	37457
27843	31507
22633	37780
20065	28459
20572	37310
19352	36896
24437	35585
22703	33655
18658	29832
24426	38200
25144	34834
25894	29191
22212	38918
23146	35663
25607	34485
26136	32676
24116	37943
22799	35767
18272	33680
21841	36193
26462	33957
21909	34955
19060	30871
26860	29347
27926	34819
26910	31983
26961	32539
21527	33711
21228	35502
27161	33813
26563	34053
25546	34287
22987	35379
27733	31538
18434	34486
23073	31101
27871	31498
27465	34371
26100	32337
26236	32295
25431	34413
20134	34549
25931	32477
22251	34851
25025	33306
18901	32281
21205	30151
25367	32205
25854	34038
21769	28521
27294	35418
27663	37994
25817	35086
23268	37336
18557	30123
23853	31334
25356	37966
27350	33009
28178	29407
19463	34532
22010	37947
22681	38541
25908	33138
23486	38104
24658	37333
27125	31506
25452	32044
23511	38492
21154	34570
21643	35343
22835	36732
25082	32440
23764	30857
22106	30359
28280	34664
26101	29198
25254	32537
27019	31228
26780	29918
22507	36640
23077	36774
19405	35919
18622	31408
25748	33789
27039	30313
26882	37827
19283	34372
19004	31397
24195	28970
25109	29216
23640	37851
18034	32984
19249	38278
23051	35194
28112	32115
18353	37748
19411	31904
20237	35938
25297	36451
24360	36245
25867	28639
18444	28618
26906	31429
27553	30949
20071	38259
27675	29774
20500	35437
21069	37142
21009	36548
22446	30742
18314	33815
28336	30751
20542	34256
25949	33681
27364	33672
21746	28442
23586	33122
21327	37086
22417	30766
22884	33071
26611	29632
19328	32062
25414	29411
26321	30553
20487	36200
19691	31342
22185	34521
22387	34226
18124	36667
27957	30905
22531	30534
21210	38613
23019	36772
25116	29282
19950	33017
22852	28974
25071	31525
28003	37387
24511	38876
18470	32835
24966	32527
24635	31412
25992	32692
25328	30567
25221	32054
21202	34730
28369	32955
25977	29496
22156	29907
25600	36545
27195	38643
21178	31708
20586	30566
27313	34041
26477	38728
18898	33668
19320	31745
19175	34026
24692	30154
22947	29760
23823	29217
25235	29350
18616	35337
24903	29181
20916	33205
24047	35428
19612	30487
20751	29341
22363	34580
21908	33266
19810	33905
25656	36500
24887	32827
23373	37024
19404	35834
27870	36435
21231	35436
23554	32128
26318	36829
25598	29098
25753	32090
24329	37877
25574	36431
27381	29776
20263	32367
21447	32244
19962	38756
20090	30959
20217	37739
25029	30246
27737	34904
18324	35785
20834	34985
21340	37504
21825	38414
18588	35642
18888	38553
18123	36633
19497	29512
20077	36869
23941	30682
19201	31297
25593	31658
18867	35336
25202	33995
18464	28693
19043	30483
22943	30361
21402	32650
24662	33140
22220	33480
25007	36298
24647	38942
20353	38336
25158	31413
24367	33408
28322	32145
27466	37829
18853	34096
28168	29287
21673	32680
22317	38398
25900	35866
21220	33389
23605	35539
24221	33112
28159	34722
18051	35537
23474	37183
22441	35970
25978	30540
22121	32665
19250	28798
25419	30930
22395	34777
18836	31189
21677	36726
25658	38318
24489	29092
21720	37551
28139	31239
27185	31030
26909	30502
24796	38534
24451	30676
22966	30281
23969	29194
22133	36064
18619	36247
24389	38605
25936	33037
24684	37225
18671	29623
26576	36971
19234	37460
20313	36603
27667	30922
21726	37742
27824	30329
27942	29930
20991	36323
19849	36815
20697	30670
25105	34112
18844	35346
23814	30881
18881	37843
27543	37274
27446	37997
23576	31184
27028	35411
25458	38273
27480	30126
24800	32161
24516	38932
25281	36790
22168	34417
24491	32364
23392	28861
23311	37777
21876	32232
26067	29479
25988	34518
23215	36876
21247	38615
23742	28471
24706	28393
28107	33656
20985	33452
25134	38217
26582	35883
26145	29074
28365	33046
20381	31937
24527	38523
26280	34212
18133	31795
27642	29532
19921	37762
25187	38784
24501	36353
19829	36518
28275	29351
19382	38459
18823	33471
18286	33286
19591	29450
19103	29965
23707	29881
20207	36119
21038	33400
27386	35937
23095	33852
25087	32646
18095	34632
19900	29603
18919	36701
26617	35806
24914	33636
25069	31292
19898	36672
27604	36169
19370	37362
28223	38616
18553	31852
26095	32104
22158	30499
24908	34358
25557	33485
27264	33262
23788	30196
26680	38290
20239	36364
25150	31244
21244	37074
24339	32921
20754	33358
26494	30618
20796	37506
21456	31471
20696	28522
19959	32066
26855	33728
25766	37388
25052	33593
23808	37876
26409	30504
27439	36108
28286	28991
19198	32507
20778	32231
27153	35238
18648	29956
26678	28575
18121	35931
22874	34192
18497	29211
19264	34625
20088	33382
27546	29835
24285	38882
21287	37058
22064	36126
23758	32425
24385	34387
21890	30167
18202	32482
19042	33295
19496	32726
26751	28709
20929	35041
19533	36383
21925	31495
26464	35712
23561	35961
18209	33608
19135	34128
22085	36285
20584	31272
20913	38877
24588	29901
24965	32502
19310	30263
18376	34760
25199	32952
25324	36474
28158	35763
27107	38038
18277	37514
27177	35056
25177	29223
20424	37029
25296	37491
28245	33922
20359	29373
20996	34789
19776	33968
25263	38231
18234	35139
18752	32705
24655	30109
26300	36212
25171	29516
18857	30496
18137	28721
21174	29133
25470	32496
19203	30197
19008	37602
22647	37993
24791	34080
20808	29195
19899	30323
22288	32393
25505	38132
26724	31199
21374	29422
26487	35549
19715	32493
22433	34286
26603	33537
18562	38142
26247	37097
22331	32300
27106	37513
18516	35900
26088	30235
20556	35859
20396	33401
22767	31539
27374	33997
28252	33043
24332	38637
18428	31697
28377	29417
25747	29927
19596	36836
20326	34208
25772	37898
23272	31542
25898	28542
22879	37257
18956	38108
26772	31466
26712	35318
28213	33092
18971	35773
20165	32067
27915	34737
20528	32900
18887	30366
20324	31255
27596	30364
18754	29908
26929	31840
23290	34301
28145	36365
20611	30919
27327	31367
22348	30820
22281	37007
24783	37814
25090	38721
20199	33184
27514	31862
20441	38346
18950	34621
19199	28642
25194	29072
20099	33903
24099	31796
19751	28814
27894	35701
27330	36432
20561	37088
25106	34953
27818	29014
22394	34742
21318	33395
25691	30507
24628	35848
19054	32083
25170	29848
23923	36282
21774	36798
24492	34871
20681	29976
23113	33659
25605	28627
21634	32164
23401	36677
23025	37583
20914	38838
18891	38139
25839	36522
25972	38443
18437	34012
18344	30583
19446	33447
22469	36800
27226	31058
28096	30464
23723	29352
26445	32251
22760	34716
20784	31552
28067	31220
22178	37135
23430	32173
28323	35535
18291	29447
19115	31243
27461	30026
24846	36058
22932	29222
23314	34843
21422	37858
19021	33584
18467	30944
26365	36304
21660	36630
22404	31085
23928	34775
26824	28825
25810	32015
21243	38332
18702	31630
22766	29814
21367	38195
25832	38081
27816	36338
22923	31069
25941	38208
21104	31218
27221	37539
27432	29625
24196	29022
23139	33137
19799	33962
19265	37771
28162	37067
28004	33533
26550	35636
21830	33393
19140	37878
27930	31686
28351	36870
22707	35491
18728	32618
26040	31390
22234	35018
19995	38950
26985	29685
21984	35017
28269	38075
27346	29230
21552	32819
25435	32591
27459	34911
21109	37408
25783	36029
23680	37985
18982	34162
24572	34484
23709	37186
27729	30525
28370	34599
21521	32996
24681	30533
22180	31083
19645	31856
19104	28851
18968	33766
21018	29710
20960	37712
18452	28419
25792	30679
21066	29469
21303	38013
19080	37850
26151	34759
18909	33980
24780	37498
26916	35934
19640	34567
24580	37632
21577	32023
20440	29688
20225	32703
19260	35223
26195	31825
18688	35084
23524	31846
23183	33340
25652	30827
26806	32617
19348	37688
19913	35545
20637	32391
27983	32711
24077	32907
27488	30143
24548	31668
23650	33614
20970	28881
27893	37371
27999	35367
24725	32125
26301	34882
24274	36821
25002	30762
23010	28574
24203	28479
20014	38862
25467	37537
27110	34876
23563	33006
19509	36930
23775	30957
21001	37176
18529	35989
18110	29066
27171	34267
24823	28590
24632	33144
24533	29708
20310	29741
27218	37767
18981	30452
23883	29377
27538	29740
19146	31337
27462	33042
18697	35932
22109	32084
20302	38783
27920	33273
18892	33801
24973	38410
22756	29293
25342	33929
28297	33812
26162	37963
24097	38715
23826	29210
19671	31360
26832	30444
18393	38086
21943	36295
24666	36025
25910	38228
22032	38365
20849	28978
24398	28857
19439	33836
23053	33422
19155	32229
22950	31038
19114	31593
25596	29462
25418	35525
20285	38252
19910	29997
27397	32259
27361	33104
21439	29974
26660	30745
21376	32976
26808	30318
24820	36265
25504	33321
25819	35908
25892	38423
20033	29139
27959	32148
21751	31898
23597	33475
22224	32942
25008	30993
25162	32877
27182	30039
21604	36268
24555	28553
18552	30725
27087	30144
24184	32105
23395	31992
19440	32255
26371	31026
21388	37366
23005	30823
20127	34326
24325	29288
18072	35911
23930	35264
21304	37955
23946	33800
21189	38886
22103	31682
28366	29782
19789	29310
28379	32657
24465	30777
25045	28557
26323	36960
24418	28796
19706	32455
24112	36780
25782	30646
24848	30608
25309	28646
24782	29810
23223	37144
25926	29140
20686	34263
27344	33821
26718	35926
18378	37349
20580	34404
25322	38174
25559	31166
26027	33591
20890	33629
20034	34652
26630	38271
25529	37880
23864	31659
22483	35727
19869	30020
25768	30638
26466	32714
24197	33880
23688	32854
21223	31462
28282	30103
26305	32302
28032	28519
25051	34804
24943	30486
25752	33410
24218	34506
18878	37501
21895	33339
28063	30401
25080	33162
24254	35816
21827	29792
27191	30921
25343	34537
27304	28728
19957	38436
20652	28652
20498	35588
23116	35822
19788	34600
19560	33124
23681	28979
22866	36582
19018	33287
20577	34971
18895	37680
23000	30716
26193	29163
26589	32201
25813	33160
21816	36702
19458	33333
26659	28832
20370	37825
21395	29177
24806	37402
20926	32615
25661	28641
19811	36711
21863	37911
18645	29661
23239	31817
19391	31034
23675	36692
25829	36174
22653	28514
19800	38463
25671	31821
25567	38695
18800	32063
26498	31829
25895	37355
23989	36288
23304	31693
27094	33493
19354	36985
18354	30029
24528	36494
20141	37278
20617	31797
21343	30234
23389	31167
23548	33613
25026	35887
19461	29912
24291	32339
19026	32483
25284	32505
21138	38855
28237	31533
20630	36339
25799	30091
19861	32089
27719	37475
23887	28998
28287	30768
21599	38774
20781	36610
18532	33831
21013	32451
27527	31265
27165	30538
23294	36173
21384	33535
21264	30415
23232	35922
27486	37579
22193	30410
19693	31779
22341	32812
19574	37004
26062	34502
20457	34434
27496	30305
24967	30099
26186	33518
19005	37271
25427	38064
21882	34700
24977	36574
25880	30284
28358	31072
24128	35245
19739	35442
23327	32443
25468	32378
26997	30522
22875	37347
23062	32069
22163	31349
27325	37917
22186	29397
20997	33811
28109	32923
21707	29005
18618	38858
20833	29015
18458	31190
22438	33010
23543	37951
22022	35958
22006	34073
27474	29134
25515	34075
26739	36394
25509	36604
28205	36873
18664	34846
26515	32661
23590	30781
26562	30631
23868	29376
27408	38328
27048	31411
28289	31415
25305	33951
26442	31566
18874	29827
28175	36655
22731	38446
18608	30602
27778	30241
27995	31907
18489	30735
24825	30690
20350	35888
19276	36671
22174	36154
25487	30430
20389	30375
26600	28579
23672	33406
25350	36703
24497	31486
20219	35884
25859	34455
21418	38399
26536	33751
18866	38480
21763	38158
26039	28917
20061	31137
24432	29960
21345	34496
18060	38826
25866	32809
19105	30839
25226	34571
27530	37167
22986	31296
19520	37245
22218	35673
19335	38636
27378	29102
26078	30056
21256	28732
20531	33449
21772	33890
25463	38627
25176	37960
21850	30021
28020	29729
23544	28598
25811	29719
26533	31772
27271	36465
21469	31029
20131	32563
27256	38096
24399	38090
20619	33127
24462	30838
22198	31249
26108	29900
20844	32057
20977	36086
21609	30888
22153	35400
27038	29763
18708	29280
21865	29019
21979	37386
19867	28451
23405	28582
22816	36691
18589	30457
27532	28713
20011	29948
25765	33016
21495	36715
27410	34779
21539	38265
24063	29192
19947	38280
27632	31734
18026	36552
26163	28491
26018	38890
23136	31315
19837	29477
24294	31352
27425	32041
20291	37242
21598	35003
18540	31492
26017	34878
27717	31621
27605	33943
19703	33778
19963	28982
21358	37418
20525	34055
24023	28436
25620	30621
19427	31329
28302	29424
27710	31080
24337	34432
18367	34033
23740	30969
28333	38881
18851	37674
20877	37128
24651	33520
24238	36781
18153	37932
24698	30492
21266	31838
26052	30811
27307	32010
26116	37332
23049	31875
21260	36273
19216	32342
20817	37929
26093	37138
19762	28850
24037	35228
21010	33884
19403	33755
18890	32336
24667	32330
19294	34647
23205	37990
28021	37855
20183	36624
20149	38216
19713	32574
20041	34063
18635	34916
24381	32758
21185	29269
22592	36319
19292	29619
20377	37912
26881	35202
24642	33685
26510	30989
20253	28684
19126	31023
25824	32697
26879	29452
27587	36922
22980	38956
19505	38930
23991	30851
20078	35615
20376	38269
23337	34526
26615	36951
27360	31997
21831	29357
22249	37833
23376	28460
18213	30045
23790	37440
24016	36961
24431	30893
22128	32253
27308	32126
25445	35863
25940	33441
18755	29631
27114	30067
27684	37276
22777	31847
26549	29613
18916	36159
18991	29563
28097	31946
27664	38164
25740	37723
22497	35331
27629	35939
25623	37259
22684	28843
24335	30761
28071	35990
19941	35523
27836	38232
26902	31921
23517	30572
18017	37576
22325	35965
23351	34410
21235	30886
25984	34107
26520	29880
25826	29383
19970	36537
18972	37327
18280	29374
21355	34751
22063	29468
19794	36374
27393	35021
21762	28629
27790	33717
19179	34589
28325	37590
25439	34454
22660	36198
21036	31047
19785	29577
23041	34074
24461	38953
23155	31932
22210	38360
24015	30030
18784	31081
21032	29525
20904	32742
23673	32170
22434	33782
18986	36766
23346	33515
23825	30447
22877	37121
23516	38768
28200	30147
25168	30875
18571	38564
18176	34174
26861	31620
27919	31475
25681	32358
27874	33740
21696	33631
18738	38320
24133	35667
21192	29566
25796	35468
26182	35543
19045	35736
18183	36313
20195	38896
25778	32888
19336	33604
26400	29426
25798	34837
23476	33200
19878	29852
27878	32004
22099	30709
26395	29638
26284	29449
19484	32213
23975	29390
21675	28662
18245	36721
23835	31007
24436	28543
23257	35516
26389	31549
24930	34010
24599	36857
22252	31018
21509	31944
21224	30212
21076	38677
28146	34414
20766	37480
23974	38863
20846	30221
24153	33834
21003	34649
19639	30353
19355	38476
26270	32842
23945	36266
21523	37357
19044	35789
27204	28870
19437	35679
18369	34584
25085	32439
22650	33418
22409	32452
21421	38000
26643	37945
18328	35687
22390	34515
18549	28806
20689	31041
21312	38223
24261	29841
20213	28480
24880	30429
23771	38575
19576	35870
22362	31382
20471	31293
24362	30252
24801	35481
24584	36260
28038	38570
25728	29300
18502	30493
18613	37823
22621	31004
26971	28494
23530	32905
28329	31234
19724	33640
18292	34394
27310	29695
18600	38506
23682	29511
27506	32298
27452	37453
25991	37815
27962	31652
27240	35110
25869	32480
21944	38314
24479	38345
21017	28872
18036	30461
20289	36588
26227	28548
24011	32691
25496	33975
25803	30594
28316	29935
26804	33213
26265	33611
22389	36408
27693	38385
27068	38635
25357	32389
21686	33508
25145	38494
24536	30539
23729	32488
24091	29086
22149	37861
19768	38370
26955	31869
23471	36877
23194	34129
25846	29947
25857	36237
18390	34814
26742	37071
18827	32436
23752	34445
23525	32249
24567	34420
25564	32431
26177	33802
27368	33247
25250	28716
19110	32943
25534	36965
22301	30341
23034	37047
21204	34945
22263	37291
25797	31618
23944	32048
22399	34997
25780	36204
25239	28465
22696	28512
28251	30225
18293	34602
19992	31726
23104	32673
25341	35320
24009	34727
22295	34900
25678	33110
27614	35214
26963	31895
24187	30190
21145	37170
19245	36526
19605	30237
20842	38555
25909	31477
21350	30488
25704	30752
19677	38014
20839	28546
26633	32689
25397	35630
22030	34965
20092	34547
25581	37785
23557	32887
20323	29047
22008	36995
23143	29364
28284	35742
26131	37296
20049	29061
21986	30268
18721	32925
21862	28439
21197	28411
27775	36180
26827	35174
21140	34867
28334	29068
25642	33312
20943	32768
19803	33830
22834	34150
19215	28815
26254	31981
23919	33786
19337	32435
22930	38487
24674	29336
21435	32818
22293	34204
25417	36156
24688	38122
20429	37609
19990	34339
26468	36501
27706	38121
22774	31968
26885	38452
23440	34826
27872	36946
18214	31729
21288	38528
19193	29168
22337	37788
24705	33259
26645	30240
24456	34439
23736	29895
18522	37641
21405	35544
21821	34178
20658	35025
26299	36540
19895	29343
20715	38934
25223	33478
28238	30421
22320	36340
23384	34610
25111	36289
20010	32135
26261	31802
23265	38313
20478	33097
27568	33323
26032	38924
27827	36755
27895	37515
28320	36925
18107	30734
27280	34936
21812	31780
27939	36032
19603	33817
28120	34968
19730	29995
22401	33937
24785	33912
27505	36083
21285	37346
27415	35810
23449	35083
22473	36913
25189	32792
25795	33706
26316	35179
19540	37671
18177	29136
26035	33819
24136	29640
27961	36685
18160	34154
26528	33743
21858	30758
23379	28702
26621	38760
20622	30042
20411	37148
22717	36591
18139	38478
19711	33847
27619	34941
26542	31016
18254	32025
21449	29314
27000	31716
25354	38649
24183	30740
26728	37701
25520	32556
22711	34863
22310	35581
22318	36482
24858	36489
22378	29791
22148	35253
18782	30948
18548	38342
24478	38583
26235	35745
23171	35148
23496	30812
20096	30589
26950	34369
24002	31868
22608	34068
19609	33616
28117	38384
21737	35978
25547	30201
22667	37559
25628	32933
27977	35452
27049	34581
20161	33263
22407	37285
26228	29541
20015	30861
18432	33553
24100	33749
26670	32917
26117	30319
26201	30388
21695	31896
20050	31623
27597	38243
24193	32954
24606	38236
23896	38261
26851	36982
28228	38716
25091	28490
18806	34171
19420	34665
20857	33499
24505	38378
23119	29979
27645	28810
19285	38098
23301	38812
27147	33099
23332	30186
18862	29914
20505	33275
18052	32079
19629	31320
23980	37083
19682	28687
27688	36740
19828	32685
21855	37229
20202	31879
18484	37611
21970	37669
23924	30892
21473	37913
22002	30558
19652	30728
18677	35284
19271	30179
19394	38359
19940	33961
20378	34938
21748	35382
26285	30512
27189	31032
28135	28576
19445	36208
20288	30220
18338	28624
25056	37828
23390	33174
24348	32826
18873	33699
21980	37561
19438	29392
18924	35119
18729	38905
26986	28963
25595	31616
26996	30277
24499	34158
24699	28724
19568	31524
21127	29359
26053	31687
23939	34901
21916	35293
27418	28681
18228	38641
19006	31592
27036	36576
23132	35513
25344	30606
28332	28771
26407	34895
24140	33795
20782	30448
22179	28886
18187	34810
25232	36668
26263	35137
19163	29873
25073	31169
18951	33726
19178	36185
18632	35493
23711	29432
26397	29711
19255	35165
27132	34085
18969	32396
19164	30869
22275	28533
21835	31155
22429	32824
18012	33879
22059	37968
21245	33565
26609	31934
19632	30267
23284	37560
27424	31971
20962	37385
27464	30136
20277	33252
25587	37722
25823	30286
18157	38303
24281	38696
22632	33682
22480	30637
23068	29141
21467	30180
20583	34839
23386	30265
22449	34186
19817	36040
23626	33460
21101	35004
19150	33439
19128	32849
18151	29864
21022	34516
22509	29473
24207	28722
24161	32702
20701	34669
19173	36142
25371	29630
18896	33846
28001	31158
26587	35257
24847	37057
24531	38120
23726	36648
20080	33119
26905	28915
19121	32690
28015	32570
28007	33430
21056	30226
22140	35479
27657	37570
21727	38495
18203	31938
24118	29457
18722	33437
20227	38865
20136	30791
27554	31931
25851	32903
23135	31672
19284	28435
18870	28854
24211	30853
25951	33665
23093	38481
18144	35691
26966	32345
18793	38145
25148	28741
23862	36138
20995	29483
19549	32268
22873	28868
22665	31203
24237	37251
26473	33771
24313	36597
23026	33772
26129	29651
24514	37803
19218	31606
25648	31923
19636	35113
24296	38820
18427	31459
22444	38351
24722	29386
22391	30950
21238	31514
26972	33907
19235	31122
21618	34622
18496	31624
20626	28906
27917	35291
25156	37562
25695	35067
22040	33420
20788	29319
18994	32708
21004	34104
26184	32884
27832	28452
24272	38391
20998	29582
27687	29391
26920	28887
18980	33661
24759	33180
27097	30911
19001	36509
26872	38394
25049	36700
26607	35955
18188	30424
18783	37896
21683	30601
22459	32366
23302	31771
20058	36073
18908	29159
18713	30822
21437	29770
27479	38322
18179	37353
20066	32099
20718	28799
19873	35140
18747	36153
23661	30678
19952	30832
22648	34815
22670	38778
27426	28515
19087	30445
27727	28862
27117	28835
24944	28607
27006	38154
22577	38126
23505	33440
20449	38093
21590	28587
22225	28755
22272	33444
19442	32720
22745	33469
25349	36033
25630	33390
22968	32784
19254	30294
27073	31362
26245	36480
25093	30238
18542	34550
23365	32778
22985	33599
27490	37115
24102	30941
24694	29668
22607	33282
25225	35364
18932	37554
19935	30934
24600	32751
23696	35596
20841	28707
23411	36347
18611	37243
27174	35897
26002	35518
27273	35224
23195	36270
22868	29580
26497	38374
24932	29794
21348	29218
20232	28596
25368	36351
18433	32462
23547	36783
27949	34156
24525	29505
19184	29734
26948	35944
19300	36368
26415	35108
18957	32656
23782	38442
18244	29700
21363	31096
19633	35948
20351	30658
22556	31054
23908	34614
19367	29121
19425	30077
25922	31035
23721	29555
20575	33303
24959	31460
20815	29083
26372	38504
20727	31358
28029	31799
22273	36833
18868	38522
24214	30291
25299	30655
23584	36850
24532	35009
19519	36114
19938	29531
27293	31365
18195	29279
18864	33230
27334	28611
28257	33517
24595	34657
24861	36305
26322	32165
25699	34976
28081	38676
18720	36434
20993	37136
19353	37941
23829	33003
19686	35473
24582	38499
20005	37924
21983	30776
24892	33569
23564	36994
27458	37383
19618	32282
19428	37139
19960	30146
20212	34092
22141	35771
26903	30003
24179	32761
27792	30233
19357	32669
25901	33620
26050	29008
18511	33318
21128	37594
21315	29071
18313	29220
27116	37726
19667	29024
27498	29451
21095	36696
24463	33090
21575	34347
26757	33061
18591	30243
18989	29955
26817	29793
21188	36141
19529	36814
24976	34635
25769	34273
18474	32162
28174	29883
21839	36168
24589	29586
28061	31068
18098	36575
25680	35494
23325	35688
24430	37286
19888	33324
25406	37025
24226	30257
24639	29884
20210	34236
23585	30473
21401	29207
18937	35843
18612	31135
23141	31074
25676	31889
24831	37648
22993	28895
24630	28818
24414	37612
25364	31113
18173	32810
24460	30588
23444	29227
22125	35875
25298	38368
22586	28489
19464	34881
22610	34264
23366	29894
18838	32178
26087	35408
18856	38618
20001	28710
25050	32946
25683	37018
24340	31683
23550	28726
22517	36231
23713	32911
21617	35249
20730	33917
27647	29107
22508	33108
26077	29406
20928	36315
19897	30612
21871	35707
26752	33950
26506	35250
21293	30300
26637	34044
26211	38276
22603	36024
18108	37604
27169	30882
19162	34988
20992	37211
19456	31785
21414	36885
18401	30053
19098	37948
26191	29924
27352	31611
23587	32060
25404	37923
19702	30348
27817	33106
18766	33820
23737	35570
19857	33364
19223	30556
21380	34424
21846	34385
18345	35594
23637	31513
24646	34487
24443	33756
25242	34942
18940	33026
19225	35994
24474	32878
24204	32808
20307	33675
26893	36862
28190	30772
28285	38931
25485	30250
27677	31476
27230	31371
26396	32639
18786	29988
25700	36708
22563	32087
20330	31298
22553	30889
18100	34363
19385	35879
27133	32101
18126	33660
27328	28704
18104	31902
26038	31571
24345	30916
21920	37068
25282	38044
27739	33928
21299	32600
23179	38155
23164	28729
24738	38524
18426	36089
27071	35632
27078	29705
21528	31789
26390	29822
19749	32934
25129	32520
25929	37312
20603	31359
20526	33845
23881	38498
22176	31177
24736	31013
18705	37733
25967	31064
24711	38124
25028	33700
26590	35797
26217	29934
24693	34167
21551	34062
19809	37853
25844	29120
25807	32311
18243	31867
25464	30852
23445	38770
20122	29367
27888	31463
25067	38808
25493	36293
19120	28390
25395	35323
22012	35507
19932	37645
26672	35290
18359	35740
21232	31808
18691	37311
24882	37619
25842	29413
20054	36546
25072	31987
27780	32166
23326	34361
27551	28509
22490	33721
24163	38727
24624	30983
27312	29817
21805	32776
18240	30118
24384	28918
28166	31407
21177	29971
22160	37454
27004	34045
27033	32909
24733	33688
25930	30985
25009	31691
25084	35281
21859	34684
22674	37679
20480	33267
22088	36989
20029	28849
19551	28683
22977	31560
23779	36784
23084	37156
18251	36182
24665	35099
20661	32392
20562	35344
22230	29698
26864	33999
27433	35213
25801	32121
21870	38730
20909	31725
22948	35263
21779	35568
19569	34731
26862	31050
23706	32288
28034	33292
25537	31741
28240	29633
26398	28476
18601	30450
20876	32544
23283	29090
18955	33920
22862	29268
25578	31980
26831	29253
26153	31762
22540	35618
25896	35373
21272	31372
19805	35153
26564	31528
21917	33250
26249	38462
24054	32013
19973	36228
23220	31052
26525	38869
24107	36381
26836	33261
18212	37622
18651	32613
25543	29882
27194	29554
22478	36901
26097	35621
18563	37149
18931	36459
18788	32018
27913	38189
18805	33505
19579	30965
21443	36980
23148	34619
26403	34501
19534	32163
23091	30365
22339	33828
27595	35821
27766	35817
26450	29809
19316	38366
27655	33314
23432	35599
19750	32552
23208	30231
20198	36272
26252	31666
26871	37076
25061	30082
19185	29304
26290	38379
19781	36865
22572	29919
24979	33860
21988	32511
28069	34680
19690	28805
22708	31132
19077	31287
19079	32619
24343	38111
23015	30510
27791	33969
21926	35893
22635	29966
23297	34407
22373	35735
26614	29775
26096	28761
26825	30632
22741	31254
23394	31575
18170	34145
20728	36688
24220	31373
19168	33573
22445	28591
21229	35271
25679	29953
27679	33540
24263	35788
23347	33630
25800	33987
22542	37624
19311	30120
27295	36889
25433	38270
18732	29491
25911	38168
25617	33861
25075	30586
25640	33501
27456	29808
20570	37862
23698	38608
20020	34237
23851	34558
19062	33168
21213	29790
26030	33526
24712	32047
21241	34020
19356	34889
21429	29436
24041	35166
27214	31727
28321	32626
24189	30049
20884	31812
22537	34400
23894	29824
23766	35946
23280	37965
21030	38049
19082	33504
22956	30894
27953	34091
24867	31322
28298	31263
24812	35057
18306	31031
26904	29302
20947	29306
19614	34979
27625	36065
19858	30089
22072	36244
20812	33896
23250	31916
20118	29346
19248	31637
22134	33891
26976	29463
27701	34323
21468	38070
26306	38329
21397	35466
18003	30509
19475	35532
23013	31201
18163	37773
25040	35509
19351	36902
19074	36513
20385	28839
27035	29866
25399	29666
28151	36654
25701	36027
24994	32296
25012	37691
22408	34251
21873	34533
23920	36396
25833	29459
20442	32739
25160	30117
26521	29252
19661	34994
23728	34842
19542	37659
18226	34701
28079	28416
20709	36713
27088	29062
23161	34720
18492	34035
25677	28556
22733	37731
24017	29037
26010	32033
24618	37577
26102	30582
24149	37299
26635	36705
18725	32195
24611	38925
25702	38517
24321	35830
22963	33692
22432	29231
18082	38072
23435	28782
25794	37565
21068	32915
27564	29958
23109	32237
24653	31930
20031	30898
20608	29706
22998	34530
24114	37340
28236	33843
20038	32721
23727	32832
18536	36376
28380	32414
26823	28931
26179	35357
22727	31952
18555	38733
22386	31754
24225	36838
20403	30131
18700	36746
21214	38857
26378	37267
23854	31555
20533	37157
27578	36031
18459	29176
21403	30929
22803	32767
21085	38788
24072	28878
23852	38352
22329	32085
26014	38071
23805	34046
26458	31175
27922	35030
22842	33405
21425	31837
23769	37426
24569	32317
19943	32070
25990	35287
23811	29286
28057	35695
20246	31518
24603	29676
24034	33258
19339	28859
18205	31670
18996	29208
20708	36430
24094	29846
28179	36360
26579	36392
20072	37776
18587	31474
22146	35510
20399	29085
23289	36150
24082	38951
19856	29052
19039	34048
28357	38708
26308	34332
18053	28820
18066	36398
25262	31651
22287	29115
22583	33803
28254	31366
24124	35803
22869	37050
19672	29521
20047	31278
20716	32572
18102	35653
25108	30884
25218	34130
18756	34230
26930	32094
21630	37342
23783	38364
21606	35755
19053	29654
28111	34534
20373	37884
20398	35006
28039	33242
20745	30849
20301	37250
25703	31883
22217	38201
21034	36424
23065	38959
21860	34753
21040	37037
27492	30485
21464	38620
23973	31103
23717	37470
26135	31903
27767	35297
24191	38023
23902	34541
26222	29032
21995	32360
21396	28897
25716	37664
22039	30953
23211	36918
24246	32873
21565	31615
26567	32519
23558	29245
22790	36357
24686	35478
27329	31276
20279	30295
23233	36890
24657	33135
22813	38617
20748	33054
22374	36599
18889	36824
21133	30472
23844	32304
26953	31813
21587	36827
24358	37548
25434	32869
24198	36828
28210	35125
28362	34072
27380	37422
21240	38405
18605	30015
27880	32487
25994	30981
24458	35584
23617	29788
23820	30958
22276	34855
20250	31455
27208	33595
25865	38789
22796	28960
18302	31929
23594	38804
18059	29315
27876	36887
18679	29787
27025	38440
22221	34695
20450	33384
21537	30178
20954	31107
25290	31677
18325	36785
19078	36307
25383	33588
22568	31640
26358	36464
25657	32811
21059	28922
18395	33568
26568	37714
19067	34227
18074	38759
22488	37407
27708	34304
26202	38298
20355	31108
25101	34627
23108	38409
20785	30991
23787	33677
23407	34877
19139	37545
28000	31752
20379	29262
23699	28676
26090	32913
27176	38884
26454	31060
23739	35215
24138	33089
20187	30292
21246	28392
24621	37593
22001	30025
24723	35704
25210	29795
22413	34078
19582	34715
22623	34114
20942	32460
26264	30671
25338	35666
23592	31664
21216	38197
24235	33117
18617	38915
22962	34905
19241	34893
23879	33465
28382	28657
22228	37066
27140	33486
25912	36411
22723	28992
27924	29724
26012	37826
24986	35485
22640	29007
26833	35658
19017	36779
22213	34667
24227	38100
19919	35081
26377	38030
24303	31718
20126	34032
22236	38292
26200	29277
27671	32403
24933	36164
24130	33720
28305	37429
19447	29620
26210	33118
20144	37200
24838	31174
21474	31049
18476	38490
23231	28893
22925	31655
24330	37794
18232	38062
21651	30023
24559	30307
21803	37499
21050	30116
18803	33583
28385	34443
25201	31144
24961	30750
18816	32765
18164	32220
19364	29887
24526	34820
26150	32434
18381	38284
24192	28455
19308	30007
21765	36002
24703	37765
23175	35896
26444	31165
27670	33336
25542	33619
27575	35363
22941	30325
21182	36437
24081	28539
21544	29674
22936	32644
22903	35298
28075	38758
21446	30984
19109	28655
26226	38571
18772	37658
23009	36427
18084	38016
22896	38743
27839	35725
26702	32524
24797	34785
25412	35469
18436	31299
18112	35204
18781	30821
24376	32103
26168	35842
22279	37854
20345	30932
21035	29868
27849	33368
18127	32797
19116	36683
19863	32307
26225	29815
25669	34879
27620	30024
21852	38430
25292	32397
22739	36046
21371	36788
27937	33742
19332	32535
23451	29421
21187	35782
27090	38375
23190	28921
25380	31063
18543	28927
24286	34037
24006	30145
19655	33570
18190	29186
27795	30206
19986	37568
24305	35786
21308	28717
18241	36724
20013	32747
26693	32323
20281	32340
20427	35526
19623	30764
26001	31577
20615	33899
25937	32467
21254	31147
24055	34890
24663	32508
24181	29961
25039	32805
24608	32353
19538	33633
23310	38900
26175	34257
25287	34958
25889	35824
24546	35395
27678	36608
24947	38170
23976	31820
21549	32908
26083	31792
21589	31864
23305	28501
19961	32113
28327	37163
21489	29241
23198	31878
28354	38117
22335	33051
26960	35040
20540	36063
26059	38147
20423	29799
27865	32020
27478	34289
27634	33403
19725	35203
21122	37462
24670	36553
27429	31115
19558	33109
18435	33572
20721	30511
26759	33291
21461	37469
21278	36378
24697	33642
23869	29769
22021	32978
23030	30537
24656	33473
19920	37566
23219	32597
23101	38848
19843	28534
22519	38484
26076	31897
28304	31678
19206	35553
19051	35197
20224	30249
22344	33316
26640	34778
27343	35610
19148	28749
18068	32080
25346	38369
25947	34824
19113	34596
27056	35957
23046	35235
18027	29909
23017	34598
21183	30014
22771	32463
27784	31885
22942	33057
26847	32021
20873	31071
24721	36908
24045	37177
22464	30790
19651	35300
19827	32464
21381	29506
19342	34013
19767	31478
21472	32031
19085	34585
20677	33592
23313	38119
25180	35856
23995	34674
18703	31188
24590	33881
28165	38823
22705	36199
26111	29233
27529	38451
25054	29723
24564	29461
20200	34946
28142	32203
19174	33229
24223	33793
21181	37798
19786	32560
20668	38598
18585	36279
25222	32633
23710	32777
25097	34866
22544	30928
20027	34005
25629	29125
26878	35936
23886	33938
23913	34274
19409	38306
28129	31998
20919	30414
19381	36196
27965	33345
19129	32429
19847	30467
23817	35820
21353	31340
24542	35975
19507	28636
26627	35624
18113	31758
22934	38813
24925	36658
24483	34601
23522	31669
18485	28800
27263	31252
18976	33690
23570	35593
20999	32243
26652	32032
19200	38018
20541	28972
26036	32611
22888	31888
27143	30814
24960	34312
25161	35790
24534	31057
23910	33757
22720	38033
24952	31851
22975	36863
20105	32846
27520	33182
19313	29617
28319	32011
18609	28933
25968	29738
21323	30280
26744	35456
26541	36606
27934	30322
18526	32875
22588	38017
27723	32981
20921	32581
27012	31279
21866	34556
22545	36294
20786	29158
27531	38895
20629	35981
20555	28535
25104	37816
27267	36914
27438	31964
27528	35118
21964	32606
24265	28606
22976	36792
18804	28885
22418	30773
26774	33825
20299	29906
24765	29237
19204	33634
21766	31242
18468	37650
25347	38957
21417	29205
20086	30641
18813	28668
19917	31999
21506	37374
19729	28477
27887	32144
18801	38055
23277	34093
21099	32381
18518	36301
26540	32740
26115	36834
18143	32290
19343	38861
27709	29094
28105	33734
18207	36250
24036	38300
22388	36629
22817	37045
20100	28450
23281	28781
23982	31696
18726	30626
18260	37987
25625	31556
27445	32040
21981	28765
28126	31332
24469	38330
27172	29898
24408	29970
19764	29573
25260	31082
22669	33388
20338	37665
22500	37540
25848	32536
25958	29080
20258	31499
18380	29489
22599	33609
18821	30756
25696	32143
24837	38136
28140	31330
21904	34645
23803	36093
23751	37215
26452	38790
22075	36682
19637	32701
24877	36269
18446	35094
20159	38746
27534	29179
24863	37839
26914	29590
20095	30732
27842	30779
24850	35548
18513	35601
21562	30096
23648	31355
26843	35918
23016	32598
24619	38944
25224	30470
27830	37090
25644	37420
19449	29099
18227	33829
22392	32409
26606	34897
20186	30392
21331	31680
24368	35940
24087	29108
20469	36355
18002	37141
24749	36718
18652	31811
25451	34276
23604	30074
21585	32897
24144	34832
26619	37716
28074	34397
19434	33342
27365	34448
24827	28679
27239	36516
18221	28666
24776	32407
27211	30130
20453	34908
21106	38435
23620	29172
26714	34098
27199	33072
26898	30350
18076	37410
19089	36230
25135	36511
22634	30110
23473	29445
22246	35260
25555	31665
27914	32987
20704	32214
21750	32522
25631	31650
23761	35154
28383	36030
26315	31024
21807	31404
26747	29393
21152	36556
21770	34702
20465	31061
22466	35508
19974	32693
24768	32127
18239	29761
19743	33527
25970	32134
26505	34725
28073	34389
23878	37865
18595	32568
22822	33190
18319	31124
27423	34059
27163	38550
25899	31830
18710	36481
22265	32230
24319	36596
26674	31962
18858	37753
24857	30097
24134	30830
26130	35991
20464	36306
23842	33181
22761	29060
24316	30315
22472	31145
25113	35498
21941	36936
22798	28944
24103	36757
28197	38796
20472	32375
22946	30463
26373	36867
19083	37996
18210	34234
19393	29557
21120	34007
28294	36233
24406	36326
25519	30739
28161	36390
24427	30314
25257	30028
24428	34106
21045	31787
18073	34390
22014	37752
26441	33530
26800	37916
28290	32277
28016	33935
26085	32465
21556	30418
19506	37439
24108	30899
27951	37580
25902	31778
22017	35733
24333	36421
26474	29596
21946	29701
22521	35602
23292	35358
25032	33888
18119	33060
27510	30262
26572	33366
18201	37586
22245	31925
27338	37553
21555	38377
25920	30550
24040	35556
24869	32305
19503	35162
27103	28567
28046	37863
19681	34219
26251	30824
21531	34972
18906	36012
27069	31565
21645	37021
23221	34740
25805	28454
26294	29949
23274	32005
24664	29153
20048	32385
27511	35430
20961	34793
20657	36733
24570	33488
19057	36341
23743	32729
19515	28690
24956	36559
24357	32736
23151	28987
22377	35265
18204	30005
26112	36102
27808	35196
18158	35114
19159	32912
23860	31794
26282	37572
18514	28891
19741	29490
26840	30691
21947	31694
23687	33547
23391	31079
23916	30156
25377	30413
27050	34416
24019	32783
22463	35412
21098	35538
24287	29105
22430	35101
27513	38140
19654	32533
26160	33536
27659	31076
21259	34473
24568	31062
19536	38710
25879	34943
20372	38912
25089	31928
28134	36835
23636	35577
25540	28663
19787	37153
24233	33722
21786	33548
21055	32625
26132	31763
19936	36997
18136	32648
26999	33612
20293	38304
27911	30086
27899	32860
24438	37801
28244	35351
19780	35839
28381	29765
22600	36853
27060	30347
28199	28731
23659	29653
26777	34697
21754	34898
18561	38816
20887	30568
26796	35574
27431	31364
19988	33305
26820	36966
23014	38482
18961	38150
23901	38226
18905	38146
20332	34738
24344	32112
20576	30010
26490	29558
22166	28750
20009	32092
24807	37391
18819	32176
26381	32260
21674	29312
22327	31317
27288	38362
23002	29196
18340	30925
18545	32388
20651	29727
20513	29862
18142	29144
22258	33153
23819	37308
19982	34435
27413	36650
25361	37651
24058	33468
20502	35360
19922	30363
20795	38712
20365	34816
27144	29474
28263	38028
22786	34368
25736	37107
20753	34932
21277	33863
25953	37519
27590	31709
20987	37443
22595	34265
24920	36956
27377	31040
21433	37743
23142	38299
23309	36856
28068	32773
27184	36284
28331	34313
19595	28461
24591	35020
26045	32227
27420	31949
21685	34309
24278	32709
26019	28758
23807	34099
23485	38489
25541	36531
18397	29021
22840	35595
24455	30982
26480	29691
25208	37926
27714	34554
28176	29856
20755	32727
21378	35405
21420	36461
21959	35942
27549	32051
23662	31479
20266	31951
20220	33143
25078	29626
20152	36571
27371	36415
18974	31717
21878	31644
18368	33538
18193	35399
28296	31750
28086	34491
23750	38621
25472	29547
24115	29969
19378	33549
21820	37860
22715	35962
22579	34479
27190	35143
27831	35262
27987	32055
26788	36787
27749	29562
27726	33253
20482	32329
21932	37369
20138	34699
24224	29443
18799	35044
19058	29945
20051	30137
23022	35311
18061	34623
22094	36645
22060	31714
20019	29720
20883	34660
19470	29486
20963	35784
22743	30787
19766	37534
27311	35212
25403	38007
18716	31453
27857	32198
19302	29321
25066	30213
28119	30098
19701	36476
25143	31807
23461	35460
22830	35095
26595	34975
18633	31599
27840	35066
26271	32423
27847	28610
20361	30700
25538	30468
22326	33978
23317	28601
21096	30484
27186	35175
27769	31642
27598	34050
21126	28969
23643	38006
18523	37350
18638	37512
18463	38818
28132	29348
24931	32731
22189	36395
22087	30402
23889	29992
23700	38212
21550	31963
26809	38883
25020	35380
25132	38015
22215	37016
21554	37363
23832	36021
19679	36589
25822	34746
23020	28975
27783	34977
19668	37573
26790	35286
21505	31142
23859	33931
25995	35489
22406	33349
22618	34056
20455	30938
20327	30841
20898	33329
22908	37164
24403	35068
27113	36872
19217	33084
27945	33347
18808	37845
20434	30806
20693	35814
18421	29629
23999	31502
25572	31969
18480	28502
27356	30625
20737	38118
25830	36937
20012	37435
20344	35247
19613	31164
28194	35625
25359	31335
18692	33704
18630	35147
27814	34830
24810	36538
26553	28626
18620	28549
27322	38171
18400	36849
24361	37360
20965	30999
22112	34405
23821	29839
19191	30381
20306	35155
18825	32999
27635	37958
23023	34398
21502	34907
23455	32830
23111	28864
23615	37397
20869	37375
26176	31884
25925	35993
25613	32043
24090	29485
19443	38660
21845	29077
27844	37293
21352	28824
25387	38745
21982	36406
26144	34696
21161	30748
26566	38112
22515	35515
27940	35514
27704	35935
18952	33058
19176	33315
25373	29767
18419	33257
18299	33703
21139	32246
19978	31262
18528	33523
21628	37970
25913	38031
23296	38685
23256	36303
24182	38913
23043	32117
20150	36407
24382	31602
24268	34300
20022	35967
27323	29143
22381	38937
21319	34151
25675	34688
25209	34440
26363	29423
23977	35416
25751	33202
22435	37908
25727	32312
18383	35646
21496	37755
23843	36864
25533	38563
25340	34232
22795	36777
20057	30494
27851	38690
23110	36561
20017	29109
21584	34812
18936	37883
25489	34367
24375	37431
24836	33941
22302	33927
21930	37629
25584	28833
24000	36614
26230	35722
19010	28401
19933	37343
23145	35921
18809	31826
21768	32003
27653	28511
19152	38946
23804	36933
27324	35885
24912	32190
26485	38077
23443	37152
23478	36133
21286	29104
21332	37359
18266	36675
24862	32969
26753	31172
21512	29471
22791	28486
26015	32938
23054	37234
20595	37201
23398	37437
26051	38248
18103	36380
23298	35341
20415	28593
18764	30963
20356	36243
27320	35138
22580	36175
26123	32627
21914	33429
22818	36598
23907	36884
22183	32643
27897	34887
26399	36967
18120	33156
23831	32876
21710	37065
18191	29829
24018	30293
19034	28715
28172	29597
22677	36623
18662	31086
23781	34127
25524	35037
22654	29879
28106	28463
26258	31562
22371	35087
21579	38557
24457	31418
27205	34188
25982	37231
27974	29813
26157	37249
23533	33233
22123	32400
20319	35338
27096	33889
18222	29502
25611	29103
19853	36242
24872	33235
26029	33575
21478	35378
19571	38130
25843	33201
18001	30652
22775	29259
24470	32706
22839	34111
24955	35878
23363	35578
28216	30011
20835	28487
26573	38183
27698	32569
20623	38115
19387	28628
19598	32579
21206	37204
18512	30134
22841	33380
18327	29396
25365	38113
25619	32283
28221	32803
25606	37301
20695	37479
20636	29082
27761	33996
23867	37013
18275	30181
25989	37488
21173	34950
21875	28584
20650	35182
24700	29455
23341	34857
24640	34314
25784	31733
19522	36158
22161	30614
20139	29902
22584	30818
25915	31099
24137	30090
27351	36706
25291	31584
22685	28448
26291	31781
22890	30979
19210	34754
25718	38056
26748	32110
27376	29556
24078	35198
25690	37698
20380	34453
19841	36662
26887	33154
18420	31056
24302	36401
22204	30645
20477	28565
23824	37448
24392	30665
19287	28977
25031	33926
24918	30736
18168	34888
21375	32412
24400	31347
18132	36628
23021	37995
20978	36263
23730	38604
24547	32257
21994	32050
27394	38283
18030	37620
27669	33365
27055	29353
19942	37925
28207	31576
27074	35072
18352	36441
20068	36528
26325	33991
21480	28990
21111	38737
24378	37887
26713	37048
18285	30900
23162	30222
25376	33727
25874	36100
19692	30668
24702	30106
27286	32138
19588	28760
24904	35193
21938	35396
19872	38887
20660	29122
26335	31377
20325	32986
21715	37760
18902	29664
21292	29427
24404	34187
24120	35404
19512	35106
25709	32682
20746	34357
26524	34771
21633	29957
25594	37621
21226	36081
28313	30523
21041	31965
20761	28742
20543	29917
23665	32584
23822	34221
23552	34708
18346	36310
27057	34442
18225	38663
19244	38875
21978	32316
23107	34003
18085	32292
23245	36547
25993	32529
22385	29713
21940	33777
27721	32186
20190	36674
23181	33833
20116	36542
23117	38738
20357	37747
21532	36498
22505	31401
18349	37467
25514	34529
26875	37606
21083	30458
25774	29229
23795	28757
22836	38002
21382	29579
21644	35185
26516	29497
20903	36235
25219	35255
19807	29858
22736	29704
21557	37313
24288	30071
24121	35188
25252	33618
23078	30973
26499	33217
19455	33874
25314	34733
20670	35123
21957	38821
21742	38105
23903	38914
19930	35619
26331	31448
18667	29358
22297	35554
20006	35825
18606	35332
23465	38948
21157	34009
18305	38291
21703	38207
26642	33151
25400	32291
23262	33948
21889	35347
27617	34525
25888	35192
23170	37109
26503	33399
24180	37114
28011	37447
18007	38427
20589	32322
21614	34047
25684	30694
23147	31954
25932	34595
28340	36632
21485	33877
22214	36192
25527	29124
19958	37894
25038	38652
23004	38638
24450	30795
27724	30462
22493	33516
24141	34959
23596	28996
19537	37260
21822	37656
21306	32384
27409	29944
28045	32289
26439	32848
22365	29686
24553	37288
23060	29515
24369	35565
26784	29349
24713	33270
26253	38187
26687	28609
25786	32236
18028	32071
18774	33264
24650	32504
25474	36483
25497	29500
19433	33775
27898	36443
22752	30729
23210	30390
18917	35617
25743	34914
19365	28635
26959	31075
24957	30945
27627	32212
23855	31806
26070	36502
18560	32197
21423	38625
27476	35858
26486	36181
19999	29131
23666	37728
20297	29984
23167	32076
20388	34927
20507	34115
18735	38019
25724	29270
25841	31021
23199	34465
23099	34734
24980	34064
20635	33421
23714	30308
26224	38833
20642	31033
26868	37599
24252	37944
19231	31472
19983	37244
27287	30102
23731	34266
23514	35703
19518	32965
19610	33985
26287	31701
20610	30873
20241	35557
23906	32215
18342	29785
25490	35881
24504	32583
28059	30273
21360	36886
18730	31294
27401	37255
22646	32386
20508	30923
21747	35013
25215	31890
23569	32828
20685	33074
18189	30455
26664	34970
22100	36052
18882	30228
26686	31210
23130	32169
24717	29093
25775	38237
23377	32468
20551	32880
27247	31416
27289	33483
22026	29464
27928	32270
24154	36253
25372	33428
21334	37582
18660	31516
22439	36229
26063	31526
21540	37078
19815	31567
20456	35915
21087	35211
22498	32817
22305	29033
23951	33080
26326	28899
25410	28769
23966	30306
25882	38705
20579	30441
23404	32216
20860	36707
26472	38530
19181	32754
24844	29146
26478	33375
27468	30000
22649	32387
26631	29529
20245	35272
20039	29753
18811	34704
24467	34472
22104	33774
20318	36420
25673	29284
19881	35393
21625	35279
22468	38835
27475	31823
18579	33034
19513	31738
23693	34412
26844	29017
21160	30796
28307	32745
28235	32602
27417	36018
19417	29013
22315	33474
27993	37323
19680	33710
26826	31417
27084	37331
19326	36055
24506	33068
19823	33857
24616	31213
22047	33209
27091	30688
20816	36555
27626	29012
27150	28692
24365	37230
20367	34331
22578	33398
18880	32338
23197	29363
26616	31097
19756	29294
24787	33299
19782	37320
23121	38591
26384	33310
24088	35521
21829	30520
20393	32275
24777	29002
23684	38148
23602	30422
26239	28793
27572	28588
22238	32587
20752	36651
22494	32256
23986	32719
24028	31138
23217	32594
21573	37974
20927	32636
23420	30924
27969	28560
28349	38497
27585	34324
28023	29920
24007	38382
19976	28499
20581	31950
22919	38241
23631	37414
27266	29877
26574	30578
26703	28827
22465	28773
22905	30674
27414	33277
21640	37365
27242	37813
22111	28532
26240	38051
27119	31661
27618	31959
21077	31777
25507	29458
23072	34503
26870	30187
27118	33561
26229	38791
18682	36072
22262	37770
18312	28905
22253	37713
23408	37041
18586	30258
24106	34441
26755	32183
27690	38850
23863	35390
24999	30189
27875	37378
20037	36950
21607	29495
18461	30955
27222	37059
20632	31143
21002	31548
20278	32242
20342	30276
27579	30075
22982	34249
27065	33326
20079	30936
24062	34962
21100	31354
20287	28602
23479	30877
26597	30073
21694	34678
21778	30937
24486	34426
26238	30270
24661	32886
21227	29886
18574	30477
24284	29838
25447	34563
25379	29520
21057	36760
18323	38781
20028	38644
23039	30805
23979	38251
19808	32382
18347	38891
26216	31055
22706	37206
25827	30828
25402	37436
24117	28675
26433	35301
27282	29892
26527	30216
26602	33246
21847	29178
26046	29048
24896	36493
19333	37552
26965	36567
22397	31200
18105	37051
19659	29610
22476	37027
21191	30301
24683	36130
28127	38277
27207	34796
24545	36969
26849	36287
21391	33256
19852	35376
23953	36248
24677	37550
27419	29843
21212	35302
19657	31764
21680	29456
27437	33910
22470	38502
22056	29031
23124	36111
27331	35749
18478	35851
19399	38255
24746	31295
18509	35438
21635	34510
22893	37772
26565	28961
28268	38729
23994	34575
22354	36333
19622	29989
26268	33012
23542	36927
22785	30527
18727	32655
22880	36954
21262	37179
23882	31626
23085	32484
20747	30584
22321	35542
22612	31374
20945	28828
26749	34847
23182	29297
20859	36916
26807	35455
23608	32782
26811	38060
19072	35480
19122	36047
21242	31692
21761	32209
19360	35261
20915	38735
22814	32265
20418	35244
21714	28924
21333	34211
20448	38516
25907	36580
25715	30856
25705	38724
18020	34317
26945	33081
26537	34576
22360	30288
24416	37729
26586	34805
23830	30360
22659	28718
21028	35058
24890	31859
23500	32097
19092	37314
25185	31458
26034	33477
25634	37810
19205	38127
26470	33239
25436	38103
24523	32764
22541	37489
18769	31966
26183	37471
27979	35038
27314	30635
23895	34377
18482	29190
25506	32371
24030	33667
20694	31591
22231	33362
20189	34587
26979	29266
24913	33028
25046	34016
23192	38777
18719	35200
20925	31277
25023	38901
24240	30516
21718	37736
22259	29499
18627	36011
23158	35366
21119	35422
27640	28831
27260	32349
22122	28415
20654	33055
20969	36895
19765	35461
21370	38870
27516	29811
27443	35689
19700	32422
24200	37888
26723	35492
25018	28696
24881	38736
28150	35402
28348	36723
27291	38426
27521	29842
21893	35305
18025	28456
23468	33348
25192	35276
21798	28645
25545	29324
23186	35633
25687	38227
23523	34947
25976	38325
21975	32858
18250	31546
23201	37104
18534	32922
18855	28414
19195	30188
24915	32621
25127	32710
24449	33455
26812	29771
21221	37764
27901	35799
18407	34749
20089	35005
25306	28776
21966	36085
18287	32313
18216	35440
27070	36276
25374	38441
24423	31739
22269	28566
19068	38046
21116	32571
22486	30837
20408	34829
19212	30202
24739	29454
24911	30554
24355	33511
26890	30592
28002	34458
26912	36177
20941	33683
25944	38116
20711	32247
25717	38302
26897	30362
20467	33274
18111	38860
23932	30100
21879	30079
22845	35831
20110	30387
25330	31325
19704	31209
26676	30808
24113	29605
20180	31456
24347	29385
22851	30647
21740	36921
21843	37056
22939	34663
26348	31845
24155	29687
23921	34294
26926	38275
27237	30466
19929	37903
27707	28888
24242	33603
20509	35368
26638	29964
27112	30754
27151	37413
25708	34724
25831	38892
21168	36846
19239	31893
24575	38045
18776	37191
18296	36013
22902	31161
18080	30113
24048	29678
23630	38639
27292	29264
21169	35899
26797	34711
21949	36620
23364	35846
22709	31531
18387	35371
22227	31712
19452	32593
24366	30316
24633	28999
27891	30321
18278	29517
27656	28429
21749	32133
25928	28585
18812	34316
25462	36871
23815	34902
27001	35702
27672	38807
18676	33102
21745	37806
25723	32394
18790	37452
18043	36809
21325	36092
27076	36413
28118	31641
26267	36274
22815	37338
24615	31736
24750	38193
27666	32217
26970	37111
27932	36163
18689	32841
21998	28483
27075	30686
21063	36943
23214	31465
24586	33484
24068	29148
26260	38751
23591	30800
23173	34302
26054	31120
18731	34340
19453	30332
26896	34248
24761	32694
21289	35180
21638	30296
19253	35315
23925	35407
27718	38802
18448	33300
21507	28407
19170	32998
20409	38477
22619	30683
25318	31333
20973	37302
21973	37812
25454	38445
28375	37451
28049	36450
20497	32807
24906	35530
20983	36391
20831	30051
19736	28473
27154	29239
26379	30876
21623	38004
25172	28826
19581	36059
19606	34238
28130	31613
19989	38609
23308	31643
24919	28594
19535	37882
20043	31746
19480	34225
24560	37652
20872	36820
26346	36496
26259	38069
22597	31801
26793	31740
22735	28544
22582	35274
27197	36743
24502	29219
22267	37303
19396	35665
26119	28752
27095	32140
21948	33170
21081	35375
22958	38204
21211	35656
20360	37227
24480	36594
27892	36439
26704	31008
25804	37700
25491	32459
27270	34762
22924	29899
25237	37337
22092	29197
22492	30427
21483	33867
21463	35241
23757	38039
19653	29980
23912	32851
19521	38249
18517	37914
20433	37113
26682	38529
24924	35953
22384	33684
20371	30236
26412	30771
18678	33352
25133	30616
27715	34040
27500	37300
22440	29193
23209	32941
20145	33115
22024	36730
27833	36694
26608	34271
19954	37031
18206	37578
22131	37442
22737	31842
22571	35869
27523	37038
23123	36485
23527	28420
20073	38755
19423	35266
26765	30920
18294	37328
23722	29046
18551	31139
25062	38538
21735	35409
20083	37779
26756	36116
22724	35035
23202	38840
23414	34974
26154	33904
20946	29184
25802	31497
21279	28866
23949	37670
27229	36999
22641	36656
19602	38706
20664	32576
20157	37544
22328	34781
24331	33481
24488	34122
24356	34706
23745	29059
18712	37043
27335	33496
18988	37588
25815	33387
28249	38240
20672	35628
27355	31574
21739	32273
26066	35074
20850	34690
19451	29255
24073	38505
19281	38928
24304	37423
20940	30574
21936	33472
19187	28564
27130	32224
24535	32546
21811	35783
19065	35903
27776	30966
24822	38515
28056	36261
25510	29332
25471	31545
25621	38396
21494	35158
26167	37737
25890	33425
21290	35483
19297	32252
21029	36037
19550	28651
22596	35310
18840	38381
20874	28654
21500	33359
21146	33848
23288	38674
20863	34673
24067	34344
27507	37496
21796	33622
24308	29214
21810	34643
27971	29274
21114	38607
27583	38669
27276	29602
27606	31153
22383	34281
28058	32499
19318	31705
25663	37209
18309	33070
25808	28735
23754	30434
19908	30967
24175	33357
23638	31721
19061	37918
18505	34319
22855	34818
26722	37468
23499	37822
22216	28910
23931	32219
25582	28552
18872	29534
18453	35787
19979	36996
25954	38468
28386	33646
18075	36605
18242	29826
25713	30649
19329	31774
22431	38080
25698	33216
28087	29542
18520	36041
23759	34646
27584	38491
22651	32475
22922	30371
23689	37702
24049	33218
24311	38532
25198	28745
28101	37052
22823	38347
24612	32324
23521	33988
28372	34469
26925	35800
25229	33298
26481	33191
25875	29752
18229	36292
28076	36077
18473	35171
19552	38680
26049	33647
21470	36659
24708	34577
21118	28934
24790	32993
24079	29535
19031	38750
20185	30040
22380	38206
27111	35613
22283	37705
18669	35459
20886	35901
26690	33930
19649	33788
18565	38577
20311	35718
22628	38765
28189	35206
27453	38267
18249	30016
26880	29482
26956	32775
19733	35681
26605	31022
23498	37973
20729	36639
20822	31125
24323	32167
24758	34929
22889	35273
22876	33875
26942	32185
18762	31749
25308	36017
21438	29328
24022	29748
20182	38623
20346	30259
27615	37269
26161	38279
19407	30119
19424	33451
19172	30912
25393	32530
19084	35163
22999	37001
27138	35111
24417	31698
21450	30775
25847	35008
26422	30271
18953	29460
24234	31473
24543	30460
26679	33911
26233	30254
26657	33296
28098	38684
21324	36104
26526	32280
25437	35471
18787	38282
26725	36165
27063	35997
22554	38319
27986	33014
24885	34784
27340	38005
26488	35414
20848	37305
24507	31832
23583	35362
26511	37734
27099	34396
19716	29867
24929	34176
22753	36919
27638	37099
26584	37428
25455	37127
20021	37518
22914	32672
26492	29078
18237	36649
27967	33131
18938	30661
18372	36410
20443	37809
23213	32118
18159	34862
21724	30600
27732	36899
27652	36318
23992	28947
18169	32356
27762	32481
21840	33029
24143	28711
20847	34821
28278	30357
21117	36717
25331	37666
25575	38703
18785	34349
23858	35854
26599	30423
25378	34052
22219	32763
27093	33963
21826	38388
19892	38556
19070	34841
27703	33953
21669	38129
20406	37919
21924	28529
27862	30331
22631	34305
27241	29757
21328	33984
18584	29248
18694	31483
20529	36152
20032	31237
22734	33617
19584	38683
20767	32419
24607	33157
24946	35156
26651	35184
27067	33225
23368	30409
18946	29498
26874	34608
26188	32222
27382	31111
26719	32902
25654	38097
21092	29536
21996	38296
26738	33332
19864	35487
26391	35046
23755	38341
21972	36005
20188	29247
19498	33328
25906	32276
20405	30335
21184	31713
22442	37653
24990	28754
22447	31414
25632	32492
23917	34703
26830	37710
27278	38952
24900	30723
18326	37542
20687	37309
21136	28840
27379	29430
24168	28399
28099	29183
26671	32078
19013	36257
24519	29903
20120	32327
21828	36149
25154	29550
20535	32950
20790	28551
26745	38794
26293	36978
22906	37663
18454	30328
27387	32678
21356	31586
23746	38450
19046	35172
21689	30648
21571	31176
22639	34540
19101	30672
19968	36099
20757	28558
25981	37412
24598	34795
25375	34603
22124	33020
27990	36666
20208	37751
27806	37282
26413	31195
21955	29565
23892	37881
21514	38661
25001	33307
25294	29670
27964	30169
22243	35892
19474	36585
20597	32177
23226	29946
25756	38631
21201	30685
20655	37073
22067	29737
22169	31378
21608	37868
20989	31905
25175	33521
22850	33492
27519	29872
24886	31976
24949	35011
21706	35641
20582	29127
26598	35917
27152	34262
18897	33868
19825	28493
23334	30403
24623	34070
23891	34906
26551	32269
19773	30634
27561	35353
23508	35984
21386	35085
18963	38510
24754	34636
22046	29292
25722	32514
26288	36764
27082	35547
25261	36308
26393	32411
25560	31027
20612	28685
25494	36719
21217	37871
22424	32278
20322	36344
22070	36536
26791	33432
27910	31156
21775	38662
27080	34806
23983	38460
18592	37406
25503	38910
27825	38867
24359	30324
21341	29100
25963	30195
27812	35144
25771	33351
22809	38163
25243	29803
21267	30976
22601	29415
28288	28658
22591	30696
27162	38432
22015	38424
28137	31387
20805	37961
18535	28976
24042	30164
26801	31865
22701	35356
18451	38175
26313	34087
18822	34509
27054	35207
18569	34110
23080	34179
18992	31405
27442	33330
26787	29050
27005	29684
23263	36223
23733	30095
19194	29440
24587	35032
23961	29683
24494	30845
22746	29645
20665	32077
20893	38611
22332	28762
19726	36470
24826	36448
19578	38720
25790	35721
25289	36000
22881	37637
27337	30971
26048	30803
22565	36801
28267	28447
24544	38844
24709	36016
24789	31793
18184	37432
24485	32137
24493	33519
26471	31394
28352	31501
25561	29339
26166	36131
18045	32512
27846	36646
24626	34121
27907	38753
21445	35133
19619	29518
27302	31940
18958	29327
27574	29876
21629	33369
28183	29647
23348	36139
27026	28613
19865	31955
23847	37500
26731	38650
18295	38841
25770	38561
24210	37835
18465	36087
24300	34189
20592	38268
26194	35798
20515	29677
26337	34798
26068	36866
18000	32046
24013	38573
21107	30517
21813	30664
24374	37759
18115	31088
25043	36070
22933	38566
26248	29151
26037	34126
23987	30104
18580	32750
25005	32109
21536	33687
23874	37322
18556	33431
19219	37070
27956	32306
21023	33653
23785	34497
26934	33123
22192	29923
27407	35639
21709	30038
21466	38222
25521	32149
23652	32370
25146	36146
18392	35753
26935	31818
21075	30383
21621	34444
21838	35159
25121	35277
19416	34799
19274	36048
24064	33134
21603	34118
19166	29751
23189	36709
27559	34008
21734	35381
22661	34909
19157	35699
24937	36768
22181	34758
21195	30031
24029	31351
22680	30158
28360	35668
19138	31676
18156	31053
20910	38059
20259	33559
18499	34097
20972	30064
20282	32898
27448	37942
19389	30333
22154	35852
27867	33276
20560	29044
20712	34002
26620	28734
23012	30370
26044	38210
21790	34523
21113	35164
21280	37143
26628	30757
18032	34341
19232	29356
21907	38418
27607	31628
18997	31017
27257	33853
22833	28472
26357	38792
24745	33747
19236	34891
25302	32334
24829	32531
27720	33986
26803	36467
22345	37969
27759	36160
19555	34378
19349	35876
25457	36819
27747	31321
20387	36842
22205	38537
22393	31580
19361	36512
27388	38587
24014	28938
26197	30669
24889	37417
26922	32769
28222	37605
18218	31208
24631	34019
21741	33424
21305	31353
27984	34500
20474	30786
27785	36893
24701	33897
27908	38383
22915	30885
18096	31128
27259	37266
22155	32882
26081	33992
20082	36109
25686	33558
19016	33370
26328	35836
24075	32100
26964	36186
21849	36240
27430	32189
18733	28929
18985	37555
27022	30094
19646	34634
23532	33602
26028	35669
21110	35738
25077	34677
23487	33220
24775	35304
18773	38087
21190	29646
28017	33698
18741	35221
23061	34769
24964	34042
23035	37319
26232	32675
26274	34934
20412	29394
20772	30829
19601	30622
27992	30956
19848	36190
25828	29152
24574	29797
18780	28738
27481	29091
26544	28650
22129	32855
21364	36036
26408	32939
26716	38589
22997	30874
25390	36981
22143	38852
27158	31324
18350	33947
20590	31430
21283	33746
25609	33166
28088	37189
21906	34925
27879	34229
18447	31523
20295	32959
28060	30947
24293	31913
18848	36811
26649	30613
22686	36020
20538	37477
20123	35453
20825	34069
24997	32806
23293	32221
22405	37155
26465	34792
24731	35671
23076	30755
21648	38205
18538	38256
23703	36010
20000	38958
20640	33185
20971	33814
19981	38431
18930	30052
21269	33361
28293	37147
19069	28518
23069	28768
25166	38574
23567	35435
23528	38474
23573	33098
22957	34029
25763	38425
24205	31114
23671	37931
25694	37239
20494	29665
25508	32592
19375	33545
21712	33254
20349	31804
24868	38542
25000	31510
21274	35622
21934	29418
21058	29162
26307	31534
22093	34014
26634	29860
19592	32989
25757	29830
18673	34574
23497	32904
19527	37228
23088	30310
26427	30159
20156	36888
23553	31233
18013	36519
18236	36060
28318	29998
27789	29657
26707	31160
18984	37317
24720	36554
24852	36826
20750	33001
26908	32332
21534	34787
26430	32454
23230	32064
23174	35321
26366	37952
27198	30860
26559	30004
20067	34490
26120	37971
18010	33133
19599	38094
22548	31908
27455	29138
25478	29616
23415	28727
25570	31588
25966	37270
25123	33023
20496	35326
22319	32838
26006	29922
27852	36082
18481	37717
20638	33768
21209	34675
28299	35080
20797	29290
24894	33091
26661	32017
19709	31093
20733	35672
19441	28900
19617	34707
28036	30210
20222	29859
23381	38076
21054	34872
19227	33417
20137	32328
21950	29501
23818	33456
25935	32944
20870	32442
20771	31958
22838	36423
27788	32430
28248	35002
26031	30778
26668	31657
22437	35723
27136	36843
20060	35710
27713	29170
22988	28841
19099	37181
20924	29802
20930	33188
20639	36262
26937	29539
18276	33159
22066	32503
26436	31654
20690	36568
18215	28538
24945	28880
20801	28423
25266	35809
24993	28701
25313	32684
23036	38872
19735	31689
22953	36905
26281	34203
26837	28751
24849	36324
22872	28949
24927	31015
19213	30033
25200	37444
19025	37523
28008	32599
26121	30386
18498	36563
19334	31487
22713	33161
22728	30961
27299	31568
20283	38467
27628	38742
19544	36613
25244	34475
24312	31091
19707	37953
22013	28524
18904	36147
22340	34642
28084	33623
22414	37103
21836	35488
18362	29369
20169	36222
23328	38651
25758	30287
23753	36322
22535	38488
26561	33372
23459	28510
26695	30019
18681	29658
18714	34870
27613	32225
19795	38640
26203	30680
19530	35061
26623	34848
26547	36486
18088	29043
18230	28520
28260	37125
24524	33222
22722	28955
18833	30351
20964	38144
27643	33678
23403	36449
27027	38572
25315	30063
25668	30416
20362	37584
21755	38301
24122	32575
19761	31011
26763	36356
18550	31197
23354	29545
21857	32582
22506	33695
21723	36213
26257	34732
22375	34772
25528	32785
27203	36847
21776	32822
20458	31632
25203	36095
21923	32248
22164	33673
26941	35102
24726	31945
22570	37672
25682	29733
18686	32538
22487	34782
18907	31468
26762	34028
23963	34492
27948	36510
21130	35354
18647	29378
22324	38012
23165	38079
18854	37483
23206	38586
25983	30628
24998	34403
23834	32798
27274	37819
18252	38221
24162	30449
18320	36009
22901	33059
19127	38626
28265	28678
20707	30570
22725	32820
20488	36227
24954	35448
19102	32722
22744	32486
21392	36812
28367	31171
27251	38769
19759	34586
20854	33693
22054	33360
20868	37867
19242	31911
19258	34656
18094	30066
28155	30132
18255	34998
19586	28634
26571	36680
19345	30489
27797	38655
20723	34752
27347	33407
21398	33317
18876	35960
18391	33844
19494	36762
21851	33723
19731	32065
23792	28817
23159	29333
26432	34886
26417	36695
22969	30960
22657	36751
19321	29878
28250	38565
19288	36626
19278	34245
28177	35051
18663	32715
20463	33459
25096	33015
27501	29283
18824	35369
26954	29368
23725	29263
28041	33794
18089	32116
22566	33280
24718	36988
19532	29010
23168	38315
26512	31901
22120	30896
21519	29075
20512	38065
20358	32266
20254	33210
26821	38191
26312	31260
28317	30087
25456	37372
25544	36504
23460	29384
20894	36959
27339	33841
24176	35490
25279	30355
24755	32759
25074	32344
22613	31454
20602	37473
25762	30248
18130	33334
18515	36155
21615	35500
21424	33392
26376	35486
18374	31146
18090	31788
26405	28470
27121	35572
23603	38095
27639	35439
20215	31957
27728	35064
26386	34350
25589	34766
18918	37481
25592	33419
24799	37223
19459	38725
19975	35022
24412	35807
25939	34831
20167	29853
25646	31773
25255	37502
23599	34255
20352	38682
26618	30001
25411	30878
18573	29494
18441	34139
20158	37376
20952	30846
21976	33271
25396	29772
26666	35201
23701	34438
25138	34873
19012	29715
27552	31629
25265	33409
22983	32223
19546	28484
25426	31436
20053	35611
21225	37124
26980	31704
22808	32374
19312	34345
19720	31131
20896	35925
20416	31622
21448	38026
25011	36619
18405	29213
21024	37744
27929	30380
27484	31590
21508	35150
18737	32106
26043	38576
25484	36617
21393	36442
23229	28577
23495	33165
20675	30581
27973	29627
18567	37150
28246	36944
24824	34817
21692	28540
21458	35933
20813	35335
19911	34311
19855	37273
23358	29990
20520	38834
26344	29635
23063	34685
24891	28971
25369	30185
26654	31044
24509	33503
26118	31579
27668	37019
27858	28909
19207	35098
18643	36438
22857	34683
18235	38776
23536	36868
22712	36530
23419	37526
18186	36541
21162	33552
27435	36144
20936	37283
25779	36990
22683	34543
23169	36825
24883	30573
18519	32418
21251	34728
21080	30943
22058	36818
27651	37768
20025	33470
18653	37685
21935	29038
19824	36418
22768	37263
27072	31223
21731	35424
21193	38433
26298	30609
20312	34163
26071	29132
20140	30715
24119	30093
19719	37683
27978	33529
19548	33005
21073	35195
27700	35339
19590	33624
26557	33769
24093	33625
24641	28541
19839	35609
25070	35660
23926	29833
22655	36572
27650	28656
23651	38356
24565	32966
25649	29182
18220	30840
21992	28603
18307	38307
25948	35520
20911	32596
18797	29224
18964	36657
26419	31814
28353	28747
20069	33251
23447	38955
24566	33214
21121	36317
25149	36275
18290	30036
25650	35325
22199	34470
28078	33839
28224	33030
27003	38767
21176	32513
20260	37287
20710	32547
21861	34612
18097	29069
22379	34648
24585	34761
25688	34153
24741	32408
26781	38535
27042	34360
20907	29189
22590	30404
24318	36384
25960	28424
21563	29819
26894	35582
19324	30753
23489	31673
26152	38406
22762	29564
18770	38906
21670	31098
25100	33268
22266	35715
26858	35222
19280	33805
20976	32850
26416	35719
27539	29693
26982	32293
19373	32131
25211	33325
19277	38707
18810	37082
23837	36669
20861	28767
22886	30389
20292	34729
23954	28453
22573	29604
22912	32093
19902	31870
27567	36894
18469	38373
28201	38198
25312	30844
27946	35062
25883	29929
25247	29840
20331	33066
19628	33627
26866	36737
19027	30480
25482	33226
22944	28394
18914	32147
18547	29419
24748	30815
27955	37830
23067	37957
18050	34134
19327	30992
27661	34860
23848	33579
26383	38782
26502	35512
23760	37233
27159	35540
22074	37129
22763	33024
21892	30677
21898	32801
19717	30478
24792	28427
22721	34175
22716	30962
25513	38344
22448	30530
26022	37934
21171	30122
22917	37864
21415	36551
25128	35873
21070	32250
21730	38547
21385	35386
24652	29954
27586	34517
28033	29470
21661	30417
23417	35762
24248	28994
26699	36078
22294	38404
24870	33908
25738	31005
26336	30471
25064	38514
26297	29786
21700	32953
19055	29435
25653	33149
23741	36314
24515	35835
28022	34328
22951	30009
18933	37295
23993	34745
18048	37275
27734	29870
27127	33578
23555	34931
27608	31344
28154	34411
22004	34464
23178	28896
23802	35209
26126	34626
20832	36840
24636	35048
21427	30770
23243	32985
23470	28572
21518	29366
24934	33913
21732	38726
25416	30227
28037	37174
21736	36388
22989	29951
22679	35423
27697	38372
21596	31180
24921	30207
24668	35242
26139	37162
19340	35533
25022	33958
26138	36312
25017	37171
27768	29448
27366	35982
22844	32254
20121	34639
26453	37687
27317	38338
25845	36377
25130	31603
22575	37904
26367	32652
25233	32426
26918	32075
21134	28973
21578	35131
19023	29915
26698	33648
27745	35950
26737	33464
26869	34258
24320	35728
24380	33221
21159	37558
24307	33082
20559	32881
22755	33136
25639	29025
21294	35256
27821	28597
24513	35251
26170	36103
23144	29893
19400	38479
18826	38286
18949	32802
22000	32992
26206	31310
18412	30498
19268	35675
19620	36416
22068	36813
23970	33718
21626	33571
24517	34169
24571	38199
23413	29993
26091	36148
19644	37516
23102	31504
25651	29851
23287	33506
23425	36056
23321	30595
25086	28853
18941	37915
22856	31800
20272	33376
26178	35060
24050	37077
25719	32518
27262	38473
19019	32523
27524	36053
19826	29528
28066	30303
25173	34894
18445	33691
23600	37352
18815	35627
25905	33972
19273	29598
19779	36462
25741	35651
18993	28925
27820	33590
24828	29355
26109	32476
25531	36525
23431	31391
27925	37081
27573	37044
26899	33236
20419	35945
27804	38091
21711	35474
20591	37694
20553	33107
22528	30304
19893	36224
24808	32359
27509	36791
25579	36686
21265	37341
26411	30624
24490	38843
22285	36219
23079	30469
20875	33901
25532	37091
22484	36214
26345	38361
21255	33207
28346	33022
23562	35187
19036	32369
18723	29552
19344	35167
26215	29160
23623	30551
22764	31834
25720	38133
23898	34903
23052	32659
28005	31844
21387	34671
21026	30597
19481	33453
24625	29126
24779	37151
21239	34247
23933	34948
24530	34138
18414	32794
20631	32937
22740	33341
24781	33964
19488	32024
21646	36162
22422	30914
18399	35267
21317	34418
25764	35819
26429	38868
22630	36665
21538	38889
25227	32607
27699	38134
28012	30060
21451	32506
24448	32677
20824	36079
18656	37219
24953	29593
22461	38456
22261	38138
19279	35862
23450	32919
23670	34261
28053	36187
28341	34299
27692	33560
27100	30977
23133	35818
27367	28712
21958	30794
22368	37707
23253	37699
19369	30870
21399	34838
26710	38917
20820	33580
26171	32866
24939	33128
28306	31304
20905	33607
27950	32991
24907	37298
21650	37188
24379	38457
21320	38184
21426	35635
20106	38647
26535	31511
20879	30825
26697	28932
23467	34874
24206	33689
22299	33265
21419	38166
20880	33173
25793	34964
25428	36342
26509	30352
22173	35546
26011	30524
19457	32102
27518	35135
19790	38234
25240	31381
26588	34102
18910	33067
20404	33940
22581	33974
26764	33791
26946	31221
21801	37587
25781	36251
26094	33577
27660	28462
23656	30974
21900	29805
24095	37982
20923	30264
25750	28941
21471	34090
27030	37546
20391	28789
18257	31348
27245	35895
26005	33983
26913	32756
27061	37538
26736	36349
19822	35361
18749	35643
24388	34120
18318	34923
20804	29682
27085	29655
19948	32204
18900	35467
19493	38831
27777	35308
27155	37262
26214	37377
25733	31679
25834	34428
23453	32645
23909	30784
23359	33094
25550	31428
25536	36246
20700	29185
23621	30358
23032	33748
22779	34422
27793	34791
21025	34057
22765	30245
22286	38311
21543	37405
20906	31251
23915	35752
20452	32509
23120	38619
22009	35928
22034	37368
19860	30419
19553	30035
26451	30642
20191	37529
24230	31274
20284	37253
22742	31617
23235	36558
18005	38422
18211	33018
24682	32228
24341	29671
19030	29614
27389	30247
21511	32009
26080	34803
24672	28911
25604	37087
26147	35446
19517	38507
24239	28413
26990	33047
18135	36562
24805	35055
20205	32401
28339	29441
22257	34001
19949	36892
18425	31653
19431	37392
24052	29360
22516	31798
18923	36044
20775	36238
22098	35559
27960	30139
25746	37032
28191	33228
21671	34250
28072	37217
23303	35465
22751	30743
27059	29921
22826	32279
21872	35708
18610	37046
27886	29837
25618	36977
27318	38761
22069	29476
21652	37012
21558	31493
24419	38272
23324	33391
19362	36728
26302	37890
24719	34854
27882	30531
18147	33311
26884	31924
24008	35634
23251	34996
18759	38176
24053	30577
21939	34466
18321	38172
19587	30354
22783	36171
25196	31280
19577	29142
19964	33049
19377	34555
18999	35534
18044	36745
23140	32210
24866	32456
23400	31130
28214	30807
21444	30482
26688	33356
18865	37033
18196	31707
28368	29064
18355	29187
18219	30128
21203	30986
22587	37503
24396	32424
24843	33302
26873	29519
28095	35573
26479	32297
23369	33007
27406	32495
25301	35923
18335	35969
18197	29145
22045	33702
27731	34436
18315	37616
18377	30810
24110	34763
22043	32929
24089	29317
22491	31720
25183	32341
25409	33650
19685	36891
23438	31872
27860	36906
21337	31581
26656	37681
19123	37778
24649	28625
24802	37354
23578	35384
23436	33713
21594	34022
19666	33260
24228	28430
26402	34279
24271	29243
20609	34755
23885	32853
27427	32704
20594	36579
26084	34185
20231	37382
19392	36236
24778	35229
23964	32577
20821	28620
26004	37237
18361	36752
21691	34105
27047	38686
22562	29959
20125	37719
28077	34356
25459	36765
28274	31614
25614	33385
27384	30563
26629	32528
21359	37508
20953	38235
23965	36008
24764	38941
27233	31140
20902	31102
19033	29606
18408	38771
20194	35497
18817	30858
23339	28599
22248	34348
27610	38224
27363	30433
25370	34364
18690	35189
20489	34213
21131	35828
21912	34290
18680	38839
25996	31500
20132	29931
21410	29937
19889	28953
18008	33686
27494	36397
19220	35760
26020	32350
21074	35963
20554	38747
22051	35980
21738	36517
22481	36822
25188	37017
19575	35791
20519	34374
18959	29484
26991	34246
21522	32491
20261	29073
24025	29728
23437	29395
26008	31001
20294	30405
26994	32566
23695	28616
25450	38454
22343	35112
26221	30603
24051	32788
21793	37950
23899	32485
26212	31770
25446	32123
22625	34224
27385	28492
21910	36735
24795	36332
18962	34666
26354	30662
24617	28811
22165	29001
23806	28836
21756	35499
26369	32002
19501	34242
27881	35053
20128	30555
20802	33601
21999	29749
23641	34939
20151	35392
20765	33550
19022	35536
22419	29256
25317	38182
25916	30940
18154	37630
20436	29779
19875	35569
18846	29612
19763	33810
21546	31399
28233	29889
26754	31440
28047	36299
25112	34327
28303	31425
20933	34825
28026	30394
18740	29942
20557	37199
18839	31150
21583	35705
24446	37601
21833	31014
24983	30153
24811	38439
21541	28469
22995	36957
25407	35857
27576	29291
25107	35562
23735	32997
20885	28779
22369	29904
22184	38036
19971	37933
19676	37668
19931	28813
26911	32610
24139	36934
21974	35441
23629	38066
24003	33977
19511	28939
26425	36217
25565	37493
22403	30121
27101	38694
22916	35501
22452	34123
18693	30309
24552	35299
21060	37959
24556	33730
24508	34630
20383	32973
28335	36370
21783	37746
18832	28669
21200	36124
24472	33637
27224	31318
26839	35812
27751	29834
20129	32420
20454	37790
20432	29943
23633	30615
20845	31037
27349	34512
21887	33832
