30323	35791
33043	35308
32426	34206
30619	33643
29163	38287
29468	33231
31628	33345
27801	33894
29423	38395
33103	37339
30175	33786
31010	38388
33014	33412
29797	39245
29638	35682
28963	37739
27970	36136
27993	37005
27820	37680
28331	37428
30312	37253
32737	33519
31004	38018
27277	35040
31697	34864
28246	36909
32430	39354
30819	36426
29505	35054
30528	33639
31544	35126
27890	38327
30456	37633
28573	36944
30958	37956
28942	37959
27642	35600
27739	38932
30464	35599
31816	39197
32572	37827
27545	34315
27082	35148
30539	33904
32720	39028
30381	38968
28945	39111
30130	35122
29969	36497
29495	34669
31150	35301
30274	35897
32527	36589
31475	33861
32533	35647
31908	36508
31240	37811
31118	37479
27452	38019
31992	37086
29890	35741
27251	38366
28492	38982
28736	37187
27367	34600
27238	38863
27894	36149
32803	38328
30766	35356
28941	38607
31377	34620
29755	34489
30349	35420
32113	35076
27611	38847
30902	34962
29784	38908
27025	35269
31835	36326
32044	38519
32948	38663
28483	36555
27788	34563
30648	36885
28149	39297
31279	36303
31855	34399
29180	38159
30208	37280
29898	34053
27225	37052
27879	36232
29591	34657
32343	36023
31946	34762
30494	38442
32507	35334
31811	35390
32648	39212
32829	37389
27873	33744
27420	38439
32944	38229
31700	38870
29712	36936
30535	38241
28843	35886
27012	38553
30984	36078
30969	34076
30370	36557
28186	39165
31463	38704
28679	38452
29060	39479
27074	36022
32360	38812
31764	37172
31778	38527
27896	34473
28912	37749
32497	33516
31798	33549
28877	34519
29148	37457
28209	36987
27045	34539
28147	33938
31272	35242
28899	34360
27904	39053
32638	33726
31239	35459
31557	34897
29929	34386
27659	35865
30115	36360
29590	38001
31783	39587
27676	35657
29659	33774
29144	38449
31706	38469
28016	37434
30307	36076
30076	37326
29137	33595
30596	37741
27953	33432
30797	35049
32894	35493
27062	38036
31394	37538
30223	33601
33020	38244
29978	39302
31585	34084
29599	39476
32636	37722
30537	34865
28323	38339
31879	36554
30694	35081
32007	39331
28647	37598
32466	38769
28504	35935
31614	36568
32551	39229
30523	37346
27773	35373
28717	36362
32208	34941
32812	37863
31472	36380
27128	36719
32982	33646
29233	34220
27315	38825
31400	36448
27742	35963
28681	38732
30624	36834
28358	36538
30815	39022
27877	34428
31011	39215
32299	33624
27098	35901
28136	39652
27486	35277
30625	34015
32180	39536
29612	37235
29584	35438
30997	39630
29093	36155
28380	37531
32242	37420
28572	36346
27775	35912
32641	36982
29838	33806
27915	36667
30099	35213
27402	36584
29030	34351
28365	33303
28725	37452
27524	34019
32334	36989
32532	35417
29622	36870
33106	36295
28989	38456
28691	36190
28195	38341
29310	37702
31999	39293
30034	38963
30163	36986
30320	39144
29874	33437
27830	39421
30750	36342
31157	38331
28275	34137
32978	38116
32278	34436
32519	33608
30070	38163
29560	39433
31547	34593
30846	39582
32241	36683
27530	37983
27629	36017
29988	36794
28303	33741
32735	38370
32929	35502
31413	39190
32552	37119
31708	34683
32898	33362
31595	39234
27498	35246
31248	38689
27905	35957
32748	38223
28495	38028
30747	34753
32127	35768
28059	39005
32126	38240
30806	36661
31813	35064
27954	37718
32970	36980
28291	34513
30047	38144
28773	35964
31883	39054
32214	36812
28713	35745
31404	35299
28668	36937
30421	36376
32464	36320
29597	35664
27589	37251
32481	34117
28514	33706
31805	34828
31935	35182
27089	38887
27095	36212
28935	36979
32761	38793
28025	33897
27907	34355
28755	36194
28398	36825
30765	34352
27758	38764
28028	35199
30304	33733
30554	39092
28473	38394
28992	39349
32341	33544
32147	39427
29701	36166
32635	37684
28657	37244
29661	36271
32873	37690
29421	35689
27520	38237
28032	38432
27285	36836
27598	34552
28764	34914
31874	36043
29289	37658
32941	36152
30963	36948
28750	38540
29530	33332
29888	36447
27814	36102
28614	35842
31282	34188
29952	35437
29803	37957
31382	38267
32468	39124
31758	35656
30251	36093
31466	35239
33040	34169
27031	35833
32940	35577
28471	38039
27068	34858
29594	37935
31291	36113
28612	33883
31958	36894
32332	34346
27179	36036
29237	36614
32344	36762
30981	37340
32411	34197
30514	35758
28368	38859
28111	34650
32442	34523
28328	34326
29025	34743
32188	36832
27197	35103
27261	38147
27919	37954
31656	37985
31086	38551
31882	39101
27507	37370
30224	37779
30376	37568
29369	35705
31535	33716
27428	35607
27945	38024
31603	36211
29826	37635
29228	36230
32819	38543
28515	38896
27237	34532
30740	35003
28146	35335
30601	38952
28671	34335
28879	37072
30735	38677
33017	35496
32075	35587
27058	33178
29437	36086
30729	36907
27864	36913
30329	36844
32301	35462
31762	38767
29932	38150
33018	37295
32021	36283
30538	38568
29125	35448
29681	35377
33058	38448
27286	33481
31439	36795
29909	38630
32368	39223
27346	36971
30192	33872
27714	34119
31326	33486
29056	38066
33045	35118
32071	35244
30546	37032
27059	37194
32924	39510
31267	38631
29774	37051
27842	38606
29463	37164
32493	37424
28250	36867
28988	35065
31638	39307
31121	37332
32706	37043
31896	39357
28581	33234
29587	37782
28463	34525
27869	36007
28646	39262
29672	33292
28965	39444
32246	35188
27497	38750
32590	33776
31007	39361
27079	36223
32441	39176
32686	35176
31490	39238
30781	36578
32623	39060
30553	35798
28832	38025
27881	33827
31212	38943
28423	33832
30638	34671
31845	36139
29526	33278
32707	36420
33031	39323
28237	34054
29827	38377
33142	34994
29098	35026
32537	38868
32599	37534
32087	38171
32816	37018
27221	39346
29062	34645
27259	33765
30576	37402
32589	38853
27586	38061
31905	36929
32313	33810
29383	37911
31526	39151
31085	38632
29352	37222
29422	34696
31467	38987
31098	34515
31789	38305
29397	39377
31032	37696
33002	36432
27387	34190
32223	33805
30108	33991
30828	37845
30271	38593
32684	36961
31411	39282
31182	34477
28379	34129
32155	36286
29135	33331
28094	33773
30688	34046
30887	38915
30194	35022
30616	33633
29318	33617
32318	34238
29855	36991
28637	33846
31606	35556
29887	36245
27850	34057
28838	34215
31743	35541
32476	36717
32549	37599
29822	37597
28191	36101
29016	37218
31784	35703
32578	36912
27561	35521
27039	33782
31138	38206
30319	38257
28477	33660
32508	35481
29905	38192
30399	35398
31309	34915
28153	35321
32198	37445
28359	37530
30923	36741
31809	38396
27599	33579
27468	33749
29459	36355
28954	39648
30182	34100
30272	34361
27806	33384
27361	34508
30612	39078
27411	39010
30566	38861
31985	37788
30560	34677
27852	36473
32569	38400
30583	36632
28091	34306
30150	36328
29032	38575
30121	35658
31198	38364
27829	36906
28039	37757
30708	37342
30796	33917
32057	34566
30683	39419
28312	37335
29114	38248
29042	36062
28114	35748
29281	37994
30400	35352
30467	33445
32974	33747
30021	35178
30707	34947
32968	37212
32954	38208
29507	39464
28628	33746
29371	35913
28788	34149
30015	35187
27320	37444
30225	35971
28357	33226
30408	39326
28977	35015
27849	36486
28187	35875
27499	36449
31944	33575
31293	37065
30808	34033
28684	37523
30205	37279
27144	36268
30988	33394
29613	36242
30365	35734
32727	33593
31167	35944
31397	34639
28388	39590
27555	38707
31755	37236
29852	34862
29308	38698
29735	36697
29469	36260
31127	36923
29720	39241
28407	34587
31364	34236
30140	37515
30629	39181
30380	34531
31190	38843
29620	39257
29450	34462
30463	35275
31788	36889
27538	38636
30725	39432
29267	37750
31209	39096
30531	38306
30009	33614
28403	33555
31137	33642
31234	33976
30332	38954
27858	38099
32826	39135
27848	36815
31056	37847
27748	34565
32428	36876
28360	35019
32012	39593
31542	38589
32167	36385
33030	36257
30908	38804
32137	35895
30439	35958
28132	39267
30524	33452
31931	33924
31604	36148
30453	35001
32521	34737
28385	34196
28663	38612
30891	33592
30075	38034
31761	33471
32753	37928
29678	36175
28478	37582
30351	33185
32472	39157
27200	36916
28098	38670
27816	35165
27430	37914
28058	36895
30303	39205
31285	36246
30097	36056
29573	39035
30117	38392
31869	33506
32862	38938
31643	39386
29714	38592
30359	36788
30837	38858
31543	36686
32658	38094
29338	39007
31673	38951
30681	38295
29641	36950
31901	34070
31107	38634
27268	36331
27080	37965
31838	35422
30878	39631
30510	36335
27186	34760
30503	38649
30496	35550
32161	39518
29718	33247
30678	38660
30679	35803
30249	39208
28847	33996
30091	35162
33041	39355
28128	36783
32702	36710
32027	38913
30618	36053
27166	33465
27882	36165
28018	38360
27884	38333
27807	38300
31640	35416
32063	36985
27064	38671
31333	38717
33154	37692
27781	38646
30633	34402
27282	38836
32433	36500
32838	37412
31623	37158
28429	35108
28078	38443
27635	38067
27049	35051
28519	34311
30308	34876
30392	39417
29937	35730
27052	36357
27565	39074
27495	33818
28413	39599
27465	39146
29344	34451
29191	34082
32365	35671
30605	36962
28199	33708
27937	34261
30413	38125
28675	36272
30033	35538
31425	34968
30959	36701
28410	34924
32887	36767
32056	36382
30979	38815
32889	38594
28772	35893
27090	33482
30382	34305
28431	33574
27718	38518
28366	33850
29079	38078
31702	35696
28386	34299
30357	36470
28961	33604
29605	36903
32884	33173
27716	36411
30968	38065
30292	36525
27597	34020
29094	37723
28666	38965
30028	33182
27042	39640
33095	36927
32404	35532
29765	38232
29340	34850
32141	34066
27813	36644
31166	37223
27943	35190
32033	36573
31850	39072
32763	36882
30120	38794
32171	36963
27131	36082
27266	38645
27960	35827
27123	38068
31496	39554
32474	37895
29729	38423
28757	36996
27549	37429
28600	33300
30588	34688
29357	35731
27755	34233
29792	37833
27649	37058
32698	35628
31647	34065
29555	34771
30803	33833
32994	39653
32744	36707
30402	38587
28972	35315
32725	39580
27426	39645
32025	36951
31941	34981
29664	36241
29845	35778
32348	35754
28218	38911
30795	38427
31872	35591
31988	38015
27419	35732
29390	36476
31109	39306
30270	37536
29211	36054
31775	35722
29476	38795
31707	37674
29501	39613
27056	36561
29939	33807
31327	35044
30800	36130
29835	37830
31474	36915
28688	39514
27912	34012
31317	37192
27443	35638
29438	38299
31444	34619
27566	39213
29965	36965
29003	35653
30751	36108
29279	39178
31070	36348
33131	36869
27199	35616
32830	37467
32937	39152
31982	38803
31446	35987
32303	35225
29097	34784
28959	39621
30700	34102
32199	37057
32665	33181
27910	34546
32851	37350
32969	39291
28155	33626
27395	36080
31936	36537
28719	33485
27618	35298
32501	39217
31116	38228
32064	37735
29066	37629
32121	39030
30187	37266
28845	38321
27317	37352
30060	36800
28037	35618
28014	38283
27211	38422
32881	37902
29858	38309
27394	33434
27622	36789
30883	38131
31362	33415
29145	34583
30516	34298
30762	39147
29956	35410
31681	38706
32490	33802
30499	34146
29264	36559
30705	35540
32605	38079
32045	39003
27702	35210
29566	36379
31262	37023
28978	37848
29734	36045
32558	38042
29710	37849
33046	39159
29035	39210
29131	36318
28811	36430
31373	38294
31054	35363
29104	35693
32955	38180
32541	39294
31038	38414
28393	38262
28726	33576
28141	39295
28924	38349
28284	38800
32825	38117
30761	33483
27888	34312
31597	38193
31925	33672
28594	37347
28829	33443
29494	38827
32091	33190
30080	34421
28135	38599
31548	38882
29077	33241
28862	36718
28787	34851
29883	34618
32764	37624
30321	36823
27121	35707
30543	35220
31083	38487
27927	39499
32232	35877
31294	33420
31363	35317
27833	33436
28020	38647
29959	38412
32911	37472
28214	36596
30112	37654
29652	38247
27472	33668
30447	36482
32046	35634
29997	38477
30435	37471
29645	33424
33093	37015
30398	35770
32785	33269
27911	38152
32564	36298
30487	33167
27456	35856
33068	38542
31524	38949
29379	36941
28521	36439
29742	33683
28179	35667
28287	38810
32604	34014
30990	38522
27797	38162
27067	38136
31218	39285
30497	35203
31765	36247
31870	39325
30851	34387
29673	35530
27447	34060
30217	33311
27600	33216
30087	34815
30590	34329
32595	39369
32269	37821
29593	35228
28654	37397
28898	34105
30925	36213
31880	35672
32170	33704
28565	34764
27085	39263
27021	35160
27556	35207
31412	38899
28525	33170
28763	37926
32523	36452
30157	37921
30058	34212
27435	38124
31804	36668
28640	38818
33016	34796
29295	39093
31722	35902
30202	33402
32285	38855
30422	37864
28450	35554
29548	38502
32538	38405
31934	35669
33021	34794
32128	34940
29150	36565
30525	37047
27679	34316
30779	38653
32065	34781
31487	39651
29643	35685
29203	38501
31450	36507
31447	34607
30920	34909
30639	37992
32798	33455
27028	37286
29974	37993
30181	36829
27999	37917
32096	33386
32972	33620
28073	38516
27500	35972
32090	38226
29399	38385
30315	37383
30023	36179
32992	39318
27701	33663
28434	35031
27010	36548
28742	34356
30680	33948
28752	38491
28794	37695
29388	35588
28960	35332
33150	38413
30746	35328
27746	34104
30906	36214
27258	34219
30449	36663
30355	38886
29282	33631
31164	35612
33096	36390
32594	34561
28029	37551
28145	38821
32105	38584
33116	33588
28188	37813
29322	37731
29353	36896
32669	37776
31977	39038
29582	39496
29554	36263
27990	35968
30817	38716
28120	36706
32582	38499
28482	34253
29170	37989
32797	35571
30177	38368
27408	38055
27544	37714
31795	36292
28697	39284
28856	37611
29187	33866
30298	36120
32174	33296
29568	39300
27307	34331
31907	35427
27310	35519
27671	37284
30820	33554
28428	36353
28363	35970
32055	37832
32827	37105
30416	38999
31185	33650
27923	34846
29492	38506
28577	37990
28377	33734
29181	38076
32613	39132
28598	38757
32997	37952
30186	37191
27759	38334
27624	34704
29072	36288
28108	37024
30045	39545
27342	36299
28105	35903
27892	35924
30276	37915
29942	33189
28049	37645
31307	37924
29122	35368
31636	34083
32616	37232
28576	35581
29523	37440
27977	37000
32708	33728
27947	38390
30114	33879
27224	35091
27035	38705
31442	36580
32316	37306
31469	38284
31338	37010
27087	35666
28696	34151
27366	39366
32694	34594
30231	36732
32088	34420
31830	36030
29598	33530
27767	39534
27148	34437
31222	35821
31171	36495
31939	36827
32585	37948
27364	39114
30843	35125
28097	36810
29544	37273
30763	36874
31096	37665
29458	35086
27898	38972
27761	39561
30133	38424
31651	34431
32877	33992
27734	34804
30909	33223
29103	39249
31619	39184
32488	35007
31660	35311
29935	36821
32323	35431
32043	35030
32247	35276
31810	34953
33141	38692
32280	34816
27291	34841
29551	34791
27782	36847
29126	38280
29915	38895
28968	34556
28233	35565
31136	39527
27233	34392
31401	36397
30012	39292
27108	33537
29657	37067
27414	34505
29975	37276
28698	36942
28981	33257
28412	37554
31274	37866
31978	39131
29037	36602
29650	34810
29947	36404
30137	36409
32592	35411
28340	34211
32961	36699
30545	34340
28913	37642
28508	38194
31023	35063
30622	39617
28164	37322
30154	37364
28333	38143
28828	34524
27180	39511
29247	33379
32427	34728
32164	36564
29666	38528
31059	38574
29219	39252
30550	33497
27298	38770
28870	35744
27008	33168
31481	36671
32701	33425
30927	36313
27777	39470
31888	33466
31405	38961
30563	33540
30774	33584
29886	38637
31534	33404
27744	35753
29362	38547
30722	39542
30068	37179
28309	37519
30014	38049
32471	38922
28661	34630
28219	34859
28433	36255
29547	35211
27485	35467
28304	35419
27952	37099
29173	34223
29989	37147
32011	35852
28873	37937
28414	33963
28192	37987
31229	33525
27867	37725
28180	39439
28923	34612
28658	39042
29640	36695
28656	35435
29290	35079
31734	34006
31213	37478
33119	39544
27053	36024
30409	34214
27160	36477
28415	36117
27568	39183
29138	34544
28327	38451
32766	35617
31871	34957
28391	36144
29668	33707
27167	35397
27000	39043
30331	34498
30946	36685
27005	37547
31268	33573
31134	35608
31635	36209
32432	37594
28872	38652
33008	38407
28267	38626
27262	38060
30640	35233
30801	33887
27193	38885
30155	39077
28100	34161
29504	37682
29627	38141
33007	37934
29821	33760
30693	36195
27576	36504
27663	36412
27437	36754
32030	33997
27559	37182
27158	37368
28453	38718
30411	33206
28878	38119
30527	36020
30876	35107
32357	38359
27995	34616
31742	38158
28489	36170
27075	34254
31745	35236
33092	39622
27036	35870
30821	37184
32115	35692
30518	37411
29703	34022
30279	35488
27776	34934
30586	34426
27445	38819
32925	34405
31751	39103
27344	37459
31945	33229
32919	38317
32197	33808
27591	39193
27319	37167
30000	34543
29842	38997
32807	38851
28863	38161
30168	38741
30235	38833
29169	37579
30325	37141
28438	34811
27632	36317
32409	39438
27102	36177
31158	35681
27588	36511
31430	36081
29222	35226
30036	38738
29012	34721
28815	37170
31803	34438
29914	35350
29917	34026
29412	35629
33108	37666
27475	38666
31452	39187
29491	36314
31818	38848
28339	37770
29776	35922
27689	36999
27786	33202
31983	33641
27851	33731
32758	34702
29478	37567
27460	37245
29229	35020
27855	39158
27557	39360
31455	36758
30233	34875
29493	39224
28513	35942
29436	34638
28867	34945
30146	37932
27184	34672
31465	35293
32543	33702
31486	34464
27165	34687
29253	38820
28113	38621
30358	38783
32868	35813
31354	34731
27356	38311
27784	36104
30662	37330
29286	36222
29415	35936
31019	37220
29165	36427
30943	33560
27482	37694
30593	35337
28404	37129
27941	33621
32288	37861
29107	37566
31777	37525
31677	39501
29576	36768
31613	34609
31346	38655
32583	36109
29727	39104
27099	34174
27341	35690
28236	37300
30199	34667
27253	39597
30970	36338
31781	37053
28475	35468
30540	34660
27918	38425
30375	39194
29428	36484
32492	35928
28088	38693
28023	35128
30937	37653
31378	36943
27322	36841
28387	34848
30158	36886
28322	38985
31006	35520
29451	37612
32784	37175
32776	34344
28919	35111
31607	35475
29877	36498
30834	38557
27040	33939
32371	35911
29111	38619
32212	38573
27309	35750
28711	35992
29791	38841
27978	38211
27925	33862
31527	33550
29922	33219
29834	36771
27422	33265
27150	35223
27153	37941
32865	35409
31280	37062
32571	35812
30864	37469
29140	34194
31390	37097
28447	38408
31820	34788
28283	33828
28850	33666
32631	39296
32642	34374
27603	36672
27590	36621
31538	34035
28744	36581
31079	37117
27976	34011
31658	35695
30016	35878
30310	36759
30822	39508
29515	36626
29447	37506
27362	37743
32003	35737
29585	38935
29769	34715
28956	37841
32282	38140
31389	39287
32373	37962
29292	38480
29263	35296
29806	37546
29307	36456
32931	36873
28624	35560
28124	38504
29930	36878
29466	39322
32452	33390
33073	36138
32983	37878
27202	37242
29347	35710
32229	33655
27276	37321
30434	37344
29328	37860
33060	34234
32209	37361
27542	38029
28426	35582
28375	36630
30179	33527
28476	38747
29258	38212
32762	34267
27666	35761
27385	35262
31661	37127
32781	37233
28864	34780
32502	38043
28857	39011
31393	38725
31068	33174
28062	36558
30404	34239
30827	33745
29368	37281
31045	33248
32600	36772
30849	38346
