30208	35048
28664	38348
25086	36663
30419	38190
24697	39546
27904	36217
27715	35545
24725	32273
28128	35306
26491	36281
30822	37366
30023	34179
24213	34486
24398	38123
28986	34014
30936	32512
30057	31994
24753	38671
26383	36043
30808	38181
29626	38684
28637	36146
24658	39503
24302	34029
24212	34884
30034	39628
25240	37132
27766	36414
24068	37910
30370	32794
30188	38786
30816	38816
29149	39446
27335	39452
26053	36038
28017	37875
26832	32664
30211	32360
31208	31837
30225	33831
25774	32084
24043	35834
28125	39494
27702	35467
31369	34599
26308	36638
26147	34787
24984	34964
28555	34864
28626	35681
24039	35667
26513	39193
25212	37829
27633	36099
28416	32717
29417	35633
30234	33415
25772	33380
29129	33243
30732	31892
25424	35123
30817	37266
25894	35359
26138	33529
30107	37149
29923	35650
24759	33004
30214	33351
24550	33546
25699	32589
25381	37997
30745	36338
31600	32987
29739	36963
31574	33186
28618	36798
28283	39620
28533	37242
30641	39635
28396	36954
27264	37022
29845	35074
29361	37261
26566	35192
24197	32165
31624	37006
25284	34458
25596	34248
24244	37489
29829	33260
30895	34763
24682	33079
30456	32270
30896	32080
29636	37916
28323	32193
30217	32709
24980	39470
30448	36513
26217	34488
27993	39645
30773	34448
31635	38340
27988	32521
30599	39145
29918	37306
26393	33264
25141	34759
24046	34422
29131	32328
30067	39471
29116	36898
31347	33302
26027	36226
24094	34277
27909	35705
25188	31919
24940	31873
30326	37801
29798	32945
24657	39036
27216	38923
27955	39210
27440	37427
30783	38396
28716	32957
25355	37010
28413	36715
28634	35895
27625	38877
24719	32376
28410	33556
25896	39185
26389	38374
24955	36659
29806	33420
26859	39419
25526	33155
24787	33604
24209	35596
28680	35486
25652	33998
26937	35614
26543	39388
25185	32940
24438	31695
29642	32292
28058	37967
27802	38087
28652	36634
28280	34345
27828	38609
30779	33352
28142	38661
27695	36429
29423	38011
28848	31733
24597	32337
25714	34982
28667	36304
27259	38276
26362	33514
24563	33479
24310	36377
26629	33785
31433	36345
24279	38279
29851	33502
26515	34324
29128	34979
30676	33101
25338	36468
29497	35724
27972	38301
26772	34341
26486	36522
25541	34410
26542	35952
29045	34561
26858	37462
24581	33295
26902	36612
25303	35473
31151	33182
25914	34788
25509	37110
26380	32737
24600	31952
25835	35382
31093	32303
30709	39325
30490	36150
26385	36729
24141	35464
26984	31889
25964	35972
28651	36926
30205	38647
27316	36056
28368	35896
27594	36495
27490	35617
27747	34847
28507	31874
28306	32839
28132	36152
27462	35351
24577	32052
27480	34439
25326	31784
27865	33976
28846	35474
29907	38944
29348	31773
28984	32096
25788	38120
27421	33435
29900	37340
27351	39449
24356	32731
24599	38543
28011	32690
31514	38748
26605	39282
24690	33530
29978	35849
30996	37349
25969	34993
28041	37934
29952	39085
26756	36995
29076	36469
24249	35244
24701	32979
29352	36981
24849	35625
25675	32919
25934	33571
26346	36782
30297	35801
28015	37411
26841	38506
28743	39632
28324	34479
24069	34322
28316	36514
28248	37323
30481	35440
26892	37821
29527	33138
27483	38785
28238	34569
30511	35772
28628	32743
26815	37361
30871	34523
29476	33442
27320	36101
29931	31859
29484	35868
30768	33476
28964	37702
27203	36875
30083	38598
28296	36535
31639	36167
24880	38236
31438	35572
29503	39345
27601	39003
27302	36609
29547	39061
28992	38523
26713	37403
24009	36040
30180	34746
30353	33638
29700	38839
27146	31946
29925	34215
27447	35360
31018	35117
30497	33265
27753	31847
24908	35151
30428	37680
31019	35767
24355	39556
29534	34080
29645	36355
27641	32464
30758	39254
26735	32613
31540	32363
25206	36416
25886	36451
28855	37397
27233	37803
26403	34519
31182	35122
25897	32092
27305	39432
28385	38887
24142	31827
26875	32574
30101	38238
28330	35958
31524	39143
29728	39339
29775	33327
30838	34654
31424	36651
24503	38853
25011	36454
28704	34756
31468	33704
25686	38494
26991	36190
30005	36725
28075	35910
28381	35276
28190	34933
27620	36581
24225	34234
27834	38417
29249	37868
24999	37841
27343	35879
28781	36293
28655	33478
25792	35788
28240	39293
31299	34459
25051	36089
27163	35392
24125	37333
24576	35384
27745	36671
27033	39026
24323	37754
24881	36675
30731	35135
31631	36688
28485	35092
29232	35621
28181	34168
29665	32597
25402	36849
28947	36087
27867	38455
25134	35520
26837	34307
28666	38841
31469	35258
30344	39436
24269	35448
26232	36712
27767	32993
24918	33405
26174	33681
26062	31930
28018	35159
28055	33506
27648	35095
26051	37103
27499	36683
29726	36643
30847	36692
24233	36676
28419	38326
27489	34232
31176	36092
27900	34336
26922	32745
26856	37494
28969	38950
28098	39371
27857	34220
30069	37301
24861	36895
27613	38453
29105	31981
26936	34586
27733	32629
30508	37628
31221	39004
24215	32484
29501	37177
28062	39155
24874	35637
31480	36885
24340	32031
24956	31984
29213	33519
24005	34027
27329	33184
28524	33943
31142	36067
27927	39080
24035	37831
28421	33157
26299	36802
26366	33731
25377	32755
26860	33713
30790	39533
30287	33881
24661	38306
31123	32474
27040	39552
28495	33354
31416	37326
30970	31870
27113	35645
31020	33166
27509	38334
31398	37880
29186	39350
29038	39014
25245	38541
31461	36673
31657	38620
27077	34707
29111	34342
25734	32723
28147	36690
26125	36742
26844	32170
27669	33513
26992	38027
25687	33142
30820	32561
28748	35338
24201	34426
29119	36037
29401	37015
27883	37588
27637	33132
26181	33402
24248	39597
28729	32495
29529	34251
28687	32427
26686	38467
26284	37688
28724	35905
27746	36044
24662	31749
24931	34498
26384	38479
24516	37774
29041	35371
26696	36491
27997	39648
27210	34487
26834	33966
27392	33945
26347	34375
29791	36118
27960	36246
26765	38855
25220	34319
24838	39459
26748	31757
31216	38507
24358	34003
24239	33987
25401	36930
26827	34952
28184	32516
25192	38082
30812	38882
24499	35397
27743	35495
27820	32857
28361	39183
27227	34646
28246	34696
24761	36193
31310	37172
26658	33902
27020	36510
27277	32410
30472	33828
24683	36411
29878	34300
24337	34005
24798	35776
29847	32267
28767	38676
27427	32200
25534	33191
29872	37857
24044	35033
31065	38078
28091	39012
26358	39227
26450	35233
24463	38926
24540	32591
27240	39444
31073	35042
28000	31842
31027	36723
25604	37095
25435	38060
25958	38802
28928	37759
25840	35410
28459	34493
30866	32632
30004	34431
30911	39229
27341	37830
28262	37232
27336	38269
24231	36636
30432	33605
26702	32176
29146	34752
30134	35400
26587	33043
24958	38416
26243	39097
28611	33153
29715	34861
29998	33200
29185	34249
30275	37637
27224	35790
24056	34437
24055	35686
28124	35571
25535	34096
24083	34866
27568	35458
24911	36809
27765	34839
30658	39015
25704	36600
26575	32409
27554	33483
30971	34420
26604	37616
24723	39437
27961	36332
26757	33032
28813	35118
31380	33991
31560	36228
30460	38838
30195	34463
24081	36942
26331	36872
28865	38144
27913	32164
30469	38896
26112	39604
24496	33691
28950	36824
25238	35274
29377	35266
25310	34767
27861	37931
28552	37545
25786	33702
28657	34745
25520	32679
27257	35513
27549	37491
29480	33935
25388	36350
29862	32771
29451	35332
28883	33711
31417	32214
30458	34947
31573	35988
30313	36094
25764	37662
29675	31839
30713	33793
26546	33558
31476	35851
31527	32670
31120	32224
24855	37504
31504	38583
31378	37624
25218	36397
31204	37025
29752	34140
28685	34981
25508	38940
28469	35706
30422	37950
27023	33240
25052	39040
25385	39478
26095	36210
27679	38264
24034	36806
30317	34825
27028	38835
28912	35375
29413	39625
25978	32751
31420	32855
27898	34110
25712	33341
29589	35534
30071	33641
28803	32032
24543	33841
27413	34604
28107	32704
24962	35221
31371	38293
25429	38476
27981	33959
28860	32059
27084	37159
31085	38916
29088	39203
24953	32369
24510	33465
28750	38392
30962	38247
26628	38642
28115	33776
24684	35479
27922	35738
26339	31938
24757	31741
24547	37703
31516	35737
28095	36251
25342	33946
24602	35160
30910	36484
26109	38567
28120	39262
24735	37303
25685	39369
30934	32937
25088	32640
31127	33574
27756	32844
28759	34318
27151	33801
26133	35319
28501	36066
28528	38481
26033	33559
24711	37896
29227	38393
31268	36155
27394	39072
24708	39515
24562	36012
27786	36197
28558	38091
24553	33310
25376	35109
31446	33800
30494	37599
24964	36082
25228	36300
25359	31714
25767	33490
26885	37395
28872	33499
29301	33853
26646	34935
27545	33034
25941	36186
30323	32615
29322	34545
28621	35540
31318	32431
28949	34474
31148	33544
27111	36424
28824	35777
29122	38114
26726	35243
31634	35089
25335	35076
25298	35700
27268	36463
25610	38822
24655	32449
25184	37947
28730	38174
27959	32237
29259	39375
26021	32074
30725	34637
31502	36382
24531	34613
24106	35414
24948	39589
25862	39481
27402	39128
27175	34635
26675	36057
29376	38448
28354	34668
28310	37018
31136	32433
27491	38591
24322	37844
26124	32559
24124	33472
31385	35568
29061	39541
30661	33370
25607	39106
24352	36648
31349	37568
31459	34543
27526	37758
27195	33811
28334	38961
27261	38562
26884	37752
25718	31924
31485	35526
24238	38673
28918	39410
31317	36813
28021	32253
25673	35723
28493	36717
27319	38180
25880	33633
27395	35506
28186	36911
26693	39116
26507	34250
30659	36379
28275	35026
28506	39074
27389	35731
29160	37086
29121	39181
25681	36686
28613	37958
30772	38825
24512	39570
25669	33139
26227	35465
28363	38171
26473	33183
26343	32315
28929	32807
30576	35875
30267	36498
27837	33819
31541	38679
27416	33280
28834	35556
27521	34782
30009	35500
24724	34651
24067	31680
31453	35309
27403	38415
30468	34089
31003	35964
29057	38500
26813	37797
28001	32482
27223	39202
24656	34290
28590	38618
25651	37109
30163	38929
26002	38630
27513	36227
25491	34573
25626	38565
29706	35830
25082	39167
28520	35180
24991	32582
24362	35432
24727	31963
24859	35254
25357	36259
28431	38121
27245	34971
29917	35395
27333	32534
30338	35973
24538	39064
26292	39179
26603	32226
31554	35529
28720	33628
30162	36831
28812	39621
29344	32584
30682	35086
24461	34261
30878	32628
29265	38728
26720	36115
30123	32871
29491	35685
24277	34244
24368	35780
28587	34090
24668	38784
27053	32968
31282	39627
25584	35201
24566	36036
29908	39493
29418	35255
24144	31682
28035	33241
25102	38626
28791	34260
26275	35557
25189	35497
26159	36775
30213	36542
28851	37383
30447	32438
27130	33433
30588	36290
25223	33022
27439	33826
26467	37631
31029	39101
30563	32475
24473	33739
30943	37665
25748	33947
26370	37078
26801	33696
30153	32459
28430	39506
27884	38118
28153	38502
31364	32233
28039	36421
26297	37708
25592	32928
28298	31853
25980	34370
25270	35549
31594	39258
26098	39335
29814	33794
29291	37408
29884	33618
25668	37111
30964	37620
26585	36583
27694	34204
27819	38678
29295	31937
29621	35815
26780	33858
28471	33568
29819	38689
27254	38693
31089	38414
25521	31990
27358	36164
31584	34676
25692	32119
30076	39033
30423	35544
26615	32167
24334	35616
25201	38984
24112	32813
30117	31949
29450	33830
26180	35538
29157	35996
30160	38168
31620	38347
30260	33685
24527	37313
29252	33181
27911	38310
26131	34347
27158	34219
24647	35101
29836	37479
26558	33688
30369	39549
30872	33852
29627	34150
29826	35578
30577	34837
29126	33391
30657	32832
28372	32068
28432	33909
24289	35093
28139	33612
24912	39514
27242	33382
27825	33224
24252	39580
25732	37239
24886	31814
28402	32062
26732	34577
26016	36912
30582	37328
28420	35343
30909	37329
30541	38152
26752	36970
30406	38231
27041	38410
31256	38327
25187	35562
28261	35673
26130	34840
24333	36055
24206	38002
28282	33697
29640	36019
29364	37450
30581	34361
26840	33567
26943	34308
31365	38089
29911	34990
24281	34528
27730	31954
29893	38221
31004	36968
31437	32221
27804	35897
25369	38339
29874	34032
31203	32043
30019	35852
28387	36992
31098	36971
30139	33790
30600	38789
30181	34385
27590	36601
25973	31829
28130	36837
31619	35046
30309	37155
28307	33273
27736	37736
26340	31726
27991	38110
27529	33097
29812	38983
31551	32346
27584	35665
26019	34510
29416	35471
30254	35008
24257	37341
30950	33709
30154	35808
30973	35920
26901	37101
25170	35237
30921	35477
31186	34194
27547	32994
25091	35891
29572	39489
24318	36814
27465	33689
26129	37000
27799	37773
27838	37887
24961	34622
29070	37679
29530	38824
26066	38499
27649	37538
28150	36239
30018	32511
24640	33561
31372	38198
27864	33012
30741	33110
26545	37541
28758	35624
27634	33768
24441	38980
28894	38058
26446	35750
24614	33066
28536	32590
27689	38302
28067	32636
29332	39352
28614	37281
25643	31720
25423	32026
28162	36301
29006	32470
29325	38128
25728	38594
25633	33006
28482	35116
27851	37999
30760	33449
25392	32259
31292	36151
24826	35225
31576	36780
30899	32223
25018	36110
31471	38658
31024	34789
27177	32047
28236	36219
26348	37267
25168	39215
24989	34578
25804	36069
31442	33984
29098	36401
27508	31755
27729	39174
26559	32566
25672	39445
27340	33930
26183	37529
25437	38614
27581	37811
29763	38281
26099	36850
31320	34209
29797	35161
28718	33169
25470	34989
30062	35827
25081	36189
27841	33092
30873	32308
24098	38350
27854	36483
31104	36231
29321	39081
24153	35349
29486	33566
30608	34402
25461	36253
30233	32398
29176	33236
30639	36202
28473	33001
28966	38255
30345	32571
24485	32992
24041	37228
25239	34127
24646	31834
28479	37017
27276	33577
25925	36611
24520	32909
30546	36169
26226	38649
29617	36622
27337	38919
30314	34122
25492	31803
27266	34634
28747	32179
25697	35021
27843	39422
24016	32528
31238	35286
25416	37668
25631	35039
24784	34796
31436	34632
28117	39558
26352	36165
27253	32254
26716	38924
31346	37038
28053	34316
25446	32392
25006	35337
31291	33103
29473	35224
29736	36807
29879	33597
24613	32760
28876	32321
30371	37448
31614	35295
28145	39125
27238	33727
26089	36558
24227	36075
31396	36200
29347	35512
24198	34522
30452	37007
29548	39652
28773	33870
28141	35907
29687	32631
28578	39363
30807	32950
29886	35242
24031	34299
28078	36428
26039	39011
26905	34827
24309	36242
31329	32535
29442	34689
26805	32255
24652	38404
28051	32041
25572	36627
28223	35597
31392	32576
27374	34376
26625	36667
28727	38683
30383	35139
25827	37005
27482	38665
26700	36339
31081	32091
25182	38868
30433	33466
25107	39071
25563	39075
25650	38756
27470	37226
30464	36398
29553	31933
27735	31987
29785	38026
27925	33980
30648	39502
27165	35073
31428	33412
30003	33579
27580	33272
28346	36357
24472	32951
28899	34229
25745	38252
27418	35259
30172	34950
29266	32278
27872	34875
31650	39486
30977	36955
24076	36120
24947	34485
30082	32824
25945	36879
28211	33763
31055	38323
27187	38652
30835	38068
30756	37235
25308	37696
27376	34494
24028	38191
31241	32364
27484	32412
29397	34620
24983	32718
31052	33979
30735	39361
30028	35890
25833	36145
24110	38501
26255	37709
30272	37649
30652	32543
27947	38066
31298	39484
24509	33337
24767	34701
29883	34747
29583	38141
27707	38770
25522	38985
29371	35797
30283	35263
26870	31685
29972	35741
25813	37713
30246	39366
25677	32959
28317	39062
24954	32391
25863	33879
24676	34253
29013	32545
25555	38561
26600	33570
28383	37216
29408	37206
25234	34115
29786	34516
27057	38254
24702	32033
28504	38932
29660	39578
29303	39275
29272	39643
24367	35011
27229	34621
24649	32710
27600	32067
27687	32402
24840	36443
30649	33368
29781	35619
27931	36426
27917	32313
30722	36204
27726	34504
28512	32265
30319	31736
26196	36020
26728	37771
27622	38518
26193	32811
27566	36797
27957	32146
24001	37523
29643	36123
28549	39354
26592	35656
30286	33441
27453	36356
30058	35399
30156	34364
26349	39543
27017	32726
31536	33348
30681	36672
28996	32551
30603	33003
24331	35304
30466	37659
26477	37246
27610	36878
27115	32856
24998	35068
29983	36677
26711	36353
26293	39598
26969	35733
29060	34848
28649	39380
25466	34783
24488	38804
29948	39281
26058	36980
27929	36009
25249	36976
27432	37912
24029	32673
25809	38819
30850	38761
25768	35662
29954	38874
30510	33863
27380	39311
24175	37404
30651	32169
26182	37129
31210	31962
27121	38964
28010	38955
29221	33005
30764	32986
24045	32054
31084	35472
30093	33002
26908	34517
24498	38990
26177	38623
29267	37457
30249	35954
26192	36237
28218	32150
25104	37482
30220	33855
29393	38184
26056	36295
25807	34661
30819	37042
31296	37717
26432	32295
29379	36700
28137	36921
26618	36999
30631	31683
26682	33803
30778	31739
28879	34709
25294	32207
28801	36273
25638	38004
27870	36603
25711	39561
27845	36465
26302	37604
30647	32204
27573	34252
28309	35314
26412	39219
26140	33143
28896	34882
24099	34263
25845	38503
28584	33067
24929	38050
27196	36407
26897	35325
27468	37297
27817	37722
24970	38703
25929	35581
26102	36030
25167	37917
30480	38974
25117	33116
27428	34698
27126	34936
26784	34738
29551	38291
26814	36678
24698	32413
25030	34946
24901	36525
27626	32842
27071	39519
28686	35832
25211	33931
25108	34048
27976	34407
31267	31681
31324	31671
27194	38035
25202	32756
30151	34202
31656	37098
30830	33795
25253	37710
29903	32094
30302	32077
29824	36749
28212	31690
31550	32725
26386	33705
29425	36629
27152	33065
28839	34033
30792	31761
28889	37252
26458	32078
28994	32408
28426	34595
27710	38094
26514	35599
29175	31996
26291	33233
25314	34490
24217	35247
26169	33748
26165	31975
31159	33714
27556	39177
30841	32865
30762	36370
31658	36369
29935	38398
26530	31763
26838	36860
26101	36173
25009	34819
25489	38959
27037	38599
31057	31711
31334	37905
26777	37374
26253	35045
24536	39032
30293	32843
31202	35652
30348	37595
26940	32090
26050	34717
31652	35344
25007	33846
27638	34858
30769	39192
24263	31679
28785	36422
26020	36529
28159	34306
28940	32998
27887	39567
28696	35708
28405	39327
25083	34025
26077	35211
29135	35618
26645	36962
31308	39265
31167	35498
29778	37516
29765	36322
26733	39642
29722	39068
30751	39538
30182	38423
27307	37508
29838	34339
30289	38450
26611	33528
26155	38998
26584	38243
30784	33049
26025	32076
25549	32887
27298	35420
30665	35842
29521	32403
29684	35469
27672	38632
31314	36163
30164	32781
30876	35288
24946	38188
24796	31951
24008	39611
31487	39266
30328	34331
28043	38608
27840	37809
30358	32023
30360	32953
24734	34690
28366	37743
31290	33317
25621	39309
31213	37548
30318	35940
29118	34718
30624	38638
26461	33057
28967	33771
30889	33669
26282	38048
24273	39246
30099	36383
31513	39034
25825	36703
28216	31760
24860	38566
27985	38893
26823	34974
25172	33901
26070	36439
25558	36947
30925	37728
27771	36668
25455	32071
27738	37092
27422	34280
31444	32212
25628	38055
25472	33462
29254	38742
29767	35260
25258	35942
27314	36839
25656	37932
27603	36799
28403	36500
25831	35132
24606	31737
24313	38086
29717	37165
29468	35770
30832	34757
28349	36562
31054	31824
24740	31789
29489	35554
26532	37495
25950	36409
26565	36326
28008	32729
30919	35649
28863	36090
25557	35936
24804	33481
28871	34814
29083	37467
28079	38549
27782	37816
27029	32522
30202	35570
26069	39277
29306	36774
24118	36235
24192	36100
24120	32738
25762	35313
30521	34963
30736	37580
31546	35385
27159	37655
28452	34826
29579	37335
25267	35955
24642	36987
30535	34408
25000	31713
29247	37451
29748	31941
29568	35877
27241	34393
26882	36318
25112	36874
27116	37962
28496	35213
27346	35171
24971	31662
31470	34425
24025	34154
27562	32925
25909	35345
31552	32510
27487	32380
30061	37690
25726	32004
24595	35981
28394	38242
30416	39492
26288	37100
27324	38085
25715	36538
28148	38333
30029	31676
28698	34779
30417	32082
29043	36732
28457	39023
25477	33358
25001	38666
24978	37860
30670	34794
28976	32353
24317	34153
29034	34236
26845	34444
24795	34507
24455	35010
28843	35111
31532	39131
27978	37068
28409	37123
27414	39163
28645	33648
25538	35431
26833	31965
25463	37524
25464	36420
30158	35167
27162	35012
28840	33924
24693	35429
26294	38103
24138	37800
25439	37537
27138	34906
27810	35226
25277	36317
24557	36753
28272	35352
28033	34662
25368	37342
27780	32520
26028	39368
24419	34925
28406	31882
27396	33399
25968	34913
25353	32694
26047	32460
26073	36371
27635	33019
25305	35202
29099	37126
30250	36195
29494	35393
28518	32735
26960	34418
28028	34279
26309	35863
26985	38018
26552	38640
24204	31703
29020	37961
31429	33096
31599	36905
28542	32485
28237	38977
26803	32548
26666	31742
28836	33724
25528	38369
26982	33118
27897	37308
25731	36096
27966	31743
24482	36041
28233	38232
25016	39530
25460	35320
26179	35152
30025	31902
30219	35025
24937	34070
30239	34233
29607	36768
30096	33371
25194	33480
29921	39425
25312	39518
30594	37819
28071	34211
30710	34567
26250	38529
30349	32490
27737	34189
25625	37400
27291	32547
29032	37990
29910	39357
31644	33288
26740	32593
28022	33989
29388	38424
28662	34018
29670	37552
28266	34841
27458	38622
25367	33838
28913	35177
31306	38353
29987	38909
29234	36669
24459	34164
25497	38844
28438	38563
31358	38036
27022	36652
30374	35594
30100	38373
27497	34511
26303	32876
30887	35924
30523	38967
30900	36134
30186	39336
24259	37029
30200	38434
30727	34077
25427	33477
27495	36952
29590	35861
28603	31986
25789	38996
29178	39441
26939	35515
24275	37615
30148	34735
28331	36462
30601	32156
24054	32830
24539	38631
30262	38987
28012	32327
29657	37443
29209	39633
27624	36365
26276	38218
28867	39140
27103	38550
27235	35347
25505	37873
27572	38458
28004	35014
29308	39428
28833	34942
24816	31746
29427	37642
27063	33896
25319	38474
24778	32144
27056	36375
25471	35533
26640	35730
24635	33292
29409	32788
31449	35785
26717	34883
28591	38486
25079	33770
24185	34275
28342	35763
25488	36823
29372	32851
25286	34006
26178	36137
31390	33583
28535	37220
27532	36852
27914	35542
26582	37117
28134	38095
30721	39057
29637	35502
29363	32097
31519	38655
31172	37167
28859	32049
26925	37894
30418	34406
28325	39220
29023	34424
25926	33767
27850	36161
25737	33542
30451	38854
25496	35938
27609	38109
25438	36710
26770	32879
29411	31997
29588	39404
25156	36068
31028	36755
30354	34994
31079	36641
27009	34972
27127	34205
30664	35196
27172	33533
28585	33283
26075	33837
28205	39426
28910	39610
29278	39138
29441	33439
30803	37030
31397	37689
26689	31835
26743	36170
27967	31918
27552	37607
31040	35190
26156	36438
24792	32202
27515	32168
24909	36352
24154	32093
25295	37735
26567	32181
29410	37594
30393	38570
24462	36543
26869	38850
27446	35403
26252	31943
30031	38960
24910	32757
28224	37399
26220	36896
24179	32917
24014	38948
26606	34857
25453	37353
26410	33040
29370	32514
24979	37898
26249	36548
29792	31809
25227	37061
30453	38195
28384	35329
28244	37855
29693	37456
27383	33876
27493	39487
27514	33637
26773	38968
30580	32974
30620	35646
24815	37573
29681	33080
24410	36615
25433	32333
28144	36399
28089	36862
30408	38963
27698	37253
25057	39562
24729	35299
28423	32834
27630	32920
29634	33572
25179	39115
28699	38907
25765	38387
24011	38202
28870	38193
28408	37209
24810	37415
30694	33527
30378	32620
30269	37872
30675	37935
26694	33667
29916	36248
26443	38234
31162	36306
27856	35722
26540	33061
31460	37601
28745	35434
28442	36694
26272	32878
25019	37897
29937	36791
31184	33549
28019	34197
24381	33119
31076	39386
28972	32740
25096	32112
28934	35657
25161	37314
26034	39123
24737	36381
24073	39013
26529	39230
24442	36240
24604	36230
29270	33538
27606	35206
29584	37924
26593	37993
27717	31706
31198	32660
24265	36122
29273	35496
25035	33095
30555	39027
24134	34962
31379	35246
25847	34904
27019	36681
28922	37322
31501	37127
25972	39413
25459	35402
29343	38482
27010	37003
28388	35795
26392	38976
27232	37677
24021	38012
27934	34328
29618	38364
24449	36158
25796	32231
31439	39536
29051	37445
25111	33791
29138	34945
25564	38505
26799	38219
27013	32008
31293	34588
25366	34176
26616	35728
29452	31768
24622	33419
30903	38368
25445	32852
28563	32152
25766	34480
24760	33246
30092	39255
30245	39249
24770	32581
27471	31890
30038	35874
24107	38258
27039	35326
26425	37850
26329	33147
25502	35945
29865	38355
29062	33769
25556	32637
25330	32913
24174	35503
26855	37512
30671	35147
30574	36589
28065	33298
30635	36048
28810	35077
31582	36752
27193	36827
24342	37174
30920	32429
29511	35826
24887	32575
26620	37332
29448	39328
27317	32556
25617	39387
29302	36297
30114	36777
30829	32696
24776	32900
27807	32287
24732	32379
25350	32127
31095	35239
25013	39605
26573	38746
25309	33920
27879	38337
30917	33788
27144	37363
28831	39453
24261	35212
30435	35739
30026	33890
27724	33376
27055	33219
27855	37669
30167	34222
29522	33401
27657	35140
25938	33431
27294	36168
30248	33627
27868	35072
28653	36902
28546	35366
30043	38470
25961	36617
24132	34843
28090	34792
26912	36719
26157	34183
31225	33592
30295	33223
29561	37716
30914	34597
26916	31921
25678	35735
28697	35798
25165	33854
25371	34642
30337	39083
30759	39653
26668	32539
27507	38140
28156	38260
25347	35356
26652	35223
31316	32657
30473	38971
27560	35759
28332	33775
29316	32918
30487	36512
24214	37369
25928	34955
31283	32515
25981	36386
31475	33692
28559	35494
31156	37715
29744	33247
24111	38612
30276	33253
30800	37556
26679	34055
29729	36091
29271	33303
30587	38894
24400	36597
31332	33718
26920	37938
24169	34568
29211	32570
29218	39512
27332	38653
27415	32133
31118	37142
25252	37619
30355	37848
29558	34508
26775	38757
24085	31785
30011	33936
25942	37780
30679	36081
31441	33860
28923	38444
31507	39041
24297	38681
26008	37185
25539	32804
26037	37024
24349	37273
26510	36892
28450	34583
24372	35606
30669	36593
24467	33742
26648	39098
25527	38528
28122	38901
25545	35103
29510	38250
29894	31668
25391	35210
31351	33085
29799	37617
30811	39523
25705	39340
26926	35294
31405	38914
24330	38017
29066	36497
25602	33340
26281	34409
28480	36660
26883	38134
28981	31976
31240	35732
26749	33421
30653	35679
25808	39398
24113	32301
27124	37102
26619	37282
31621	34606
29317	37658
28968	33932
26970	34810
27001	31923
26061	31855
24180	37051
29535	34502
31539	36789
24173	36864
27375	35612
25005	31978
28373	38165
24836	38401
26459	32236
29994	36786
31096	37191
31007	35080
28082	34572
26238	36333
29212	38116
29179	33300
25776	33353
26554	33525
25600	39197
25198	36880
25911	39644
26913	37023
24616	32668
27525	33285
31157	37365
26260	35872
28164	35058
31500	39256
24177	35609
28875	33261
28163	33325
25688	36183
25254	36132
31613	33564
30965	32044
24549	39184
29528	37153
25683	35391
30467	38729
28537	33311
30809	37923
27131	34187
24959	33904
29415	31674
24892	32776
27650	38194
29263	35709
26660	34818
27591	37493
27228	35655
30524	36211
29349	39399
28102	34172
27464	37184
28902	36254
26792	35209
27527	38613
31030	39090
30274	32833
26796	35485
30315	32388
24975	38762
26983	33504
25838	36000
25205	35946
31263	32509
29246	34539
26703	36565
24103	37207
29143	35153
30993	35301
27312	36501
28395	38130
28980	39636
30997	36309
29215	34829
29137	37375
27821	36113
27173	37035
29881	34257
29132	37241
26727	35493
24519	38936
29223	32805
26454	38772
24664	33663
27405	36442
29581	38780
24260	38716
24091	38533
28326	33395
27080	34351
28544	33517
31131	31891
30547	34954
24899	39590
29674	39601
30881	33630
25729	34691
29552	34678
24526	38927
29201	35365
29219	36623
27740	36396
29351	34272
30281	38472
25810	35336
30108	35745
25659	38737
25977	37380
28273	37245
27459	34673
26150	34626
30258	34292
24529	36144
27661	38432
24115	34716
30401	33366
30053	34398
27751	37591
28242	32448
29808	35636
29701	34624
27397	37933
25311	32578
28733	31694
25842	37047
25753	37521
26850	34162
25229	38363
30629	39259
29310	38745
27842	34156
26810	34276
25802	37996
30949	34949
24329	39290
31200	37396
27007	34468
24982	33410
26663	32665
30626	34344
28882	37113
24730	33365
26998	37859
29842	36098
24266	34041
24832	34542
30331	37635
29284	33857
31473	37231
30352	37952
28057	33847
30301	38694
24629	38391
29602	38995
25709	36730
30907	34579
26474	38102
30804	32926
30351	34100
28230	39333
26068	34062
29976	34903
27623	35066
27206	39534
28715	38586
24378	33189
29090	37915
31313	38298
31497	31970
25816	35757
27135	38003
31051	32952
26135	35787
25573	33413
24986	32491
29716	36865
31322	33036
24857	37225
31090	36073
31640	31863
26993	35939
26365	35049
28195	38582
30846	38239
28374	35729
29979	34888
29969	39559
26825	35280
24444	33455
25101	36223
30052	32798
30035	33452
31510	39342
30235	38846
30518	36349
28740	37949
30010	34120
24715	35965
29542	38788
29731	32456
30285	34192
25913	36532
29734	31894
30257	37307
24666	32251
29741	38395
29575	36107
26418	36104
25519	32450
30746	37676
27450	32247
28751	32159
31548	37338
24468	36496
31237	33783
28671	38732
29965	38848
29864	38015
24790	35425
26907	34401
30708	34281
29610	36859
30342	34286
28188	37886
26677	36432
25912	36364
28003	36088
28034	38057
29653	36279
31006	37557
24917	33089
30579	35186
29825	32016
28903	39122
31224	39584
26267	35055
24726	33640
29283	36467
24050	32069
31558	34777
28367	35532
26306	36485
30232	38173
25966	32564
31327	35088
26076	32734
30268	34434
29560	35136
28615	33102
24941	34124
26524	35566
24327	35889
24571	32302
26847	37143
29196	37254
24605	31754
24871	37011
27524	33154
24291	36406
30197	36563
31659	31915
25861	37520
28352	38307
28350	35164
25867	32978
27874	39443
29114	35154
27632	37277
27781	34185
24246	34774
25024	31744
30189	36658
26698	34114
30252	32143
31562	35308
30799	34995
25405	36972
28165	38790
27366	37019
29888	38145
30350	37945
26715	32196
24424	38738
30771	38705
31486	34803
30810	34762
27899	32297
24990	31715
26242	37611
24458	35561
29695	36331
30958	36336
30908	35567
25569	37268
28478	38602
25251	33903
28100	34609
26199	32199
30152	38610
24105	32714
31276	31857
24920	33343
29997	36847
27300	32742
29835	39144
27548	34074
24762	36433
24479	36070
26043	33674
27597	32079
28020	33428
25119	32619
31110	36387
27204	38878
27686	37040
28641	33993
29008	35822
24663	34170
25178	35289
25951	35850
27963	34591
25199	32053
25409	38139
30801	38597
24288	36988
28640	35716
24393	37466
26769	34104
27315	32812
26213	38322
28688	32487
27892	38172
28736	38531
24218	39461
31251	36956
27171	33684
26000	31909
30623	33553
29915	33848
24928	31878
30347	31974
30867	39599
24418	34743
27516	32557
25203	33162
26424	38721
30207	36024
24973	39050
30922	37286
26649	36569
28052	35041
24139	32238
27798	36207
30412	34265
25994	34367
27656	36950
25780	37497
29314	36908
24720	37692
30637	39314
29612	35866
28193	34436
30045	36391
31499	33245
26144	32123
27015	36519
27907	38739
30902	39337
25017	34769
27355	37960
24985	32104
26114	38750
28757	37515
28404	32801
25010	36984
27759	31687
27546	36313
29192	32299
24491	33798
25327	38812
27910	35811
26090	38362
29440	39187
25682	35235
31158	33590
25735	33772
31272	34679
27372	34770
27087	36794
28901	35283
26637	37998
25852	39222
28160	34108
25701	33073
31580	31764
25055	36077
30560	38830
25243	31772
24439	37367
29182	32281
31412	32466
31229	37959
26104	32884
27944	32407
27714	37186
28232	35626
25739	35704
25560	37069
29299	35478
24053	37839
30420	32549
29240	33129
24386	33286
30940	34811
24420	34038
31570	34369
28016	39088
29428	37337
25823	34859
28868	34288
27067	33840
27950	32686
26036	38670
25817	38160
25062	36748
27557	32753
29430	39618
30157	37420
27089	32505
29065	36296
30952	32892
27816	33471
26900	34598
30879	33703
25040	39392
30636	32073
27174	37285
25281	35893
25916	33221
31577	36584
27170	36062
24863	32018
24290	33122
28140	38179
26411	39509
28948	35004
26357	31995
26377	34330
26164	33869
25660	35257
24949	37519
31492	36270
31287	35574
27923	32653
24764	35028
29758	32997
25918	36618
26269	38040
25997	38972
30590	33378
30674	39112
30421	37421
24633	35412
27026	33364
29941	33278
24728	32744
29358	39111
30375	36125
29053	34813
29885	39343
29651	38769
27290	36153
24432	37562
26175	38792
27251	38433
31557	38451
28465	32661
28706	35456
27176	32141
28263	33652
31177	35379
29750	39323
24654	32908
25533	36779
29151	36803
31255	38324
24679	34214
29671	32009
30857	39104
26560	34862
31522	36002
25583	37200
30446	37581
29449	37461
25485	33729
29652	31770
31201	34269
30111	35991
29964	34309
28355	33500
27680	36793
26087	35833
30684	34241
27058	37055
30570	32603
26634	39649
29165	31979
29678	39016
24957	38774
25860	39479
25759	31883
25826	35115
30933	33372
30825	37500
30329	32132
29479	32342
28668	34377
28305	33707
27852	38539
24835	33994
28182	36058
24500	34744
24627	38782
29557	34969
26647	35979
28210	37587
25121	31780
24601	34585
29582	33173
25383	39243
25716	38442
26478	35262
25428	32708
24392	36655
27540	34097
27818	32826
26961	31900
28841	35234
29319	39569
26915	37748
30060	33039
24914	38154
31114	37681
25588	34491
27611	35019
25869	38032
25278	32083
29986	35977
28114	33645
24023	33192
29525	33112
31130	35405
25276	38564
26052	39498
26680	38718
27002	34685
28610	39286
24587	34549
27563	34872
29816	36126
25046	34338
26014	33464
28129	33810
24873	35468
31357	32644
27621	39571
25793	33919
29255	37197
29973	35610
28780	33786
28788	33430
31547	35976
24731	34039
27769	37360
31206	38421
27639	38639
27692	33765
27935	38931
29089	37639
26544	34063
27180	32149
31016	32222
26376	33438
25328	38443
29898	32027
27114	31752
27696	38596
27880	33234
28397	35145
26741	36979
27881	36599
31454	33611
27160	38182
27577	34580
29619	39579
29478	38464
30918	36518
27974	37577
27598	36105
31205	33927
26506	36166
28157	34867
24221	36585
26690	38249
30066	38648
28343	33666
30442	37745
27303	37640
31632	34860
24733	35882
24156	35311
30618	36323
30926	33634
27498	34333
28264	34793
29849	39190
28510	39059
27350	33526
24475	34378
25635	37472
25351	37751
28434	33160
30169	33822
25263	33988
27719	35559
24584	39372
27607	33585
30495	38028
24736	37162
26608	34951
30845	34193
26092	36373
28038	32732
26800	36011
25642	33361
30097	39467
30942	35582
26851	31982
27249	32860
29947	38122
29519	34587
25921	38495
25565	36853
30774	38367
25490	32783
29597	37137
24845	34258
24296	33621
29159	33473
27878	37834
24674	38245
27393	31669
27360	34748
24163	31917
27246	38113
28877	33440
28511	33861
30478	35114
25577	34880
30530	38282
24383	35071
25702	32180
25148	33582
29280	33725
31097	38600
26633	33649
26986	32304
27968	33026
28749	33180
27721	33806
28300	35138
27145	36946
31171	31903
24677	34924
25785	37726
24856	34389
26931	38616
25285	35918
24797	38860
29110	36025
25213	32501
27739	35040
26081	32984
25231	31912
26072	36557
28484	37043
30409	32849
24852	37345
27744	33884
28768	36263
25614	37585
29604	35718
26134	33661
27559	38405
27541	32791
29463	39077
27589	33726
30729	33534
26751	39450
30396	37438
31301	35031
26258	39322
27792	37264
27565	32048
26941	34421
29462	32435
28087	37578
27356	32778
25042	33925
26223	38429
27833	33733
29817	32039
26947	33117
25902	39396
24241	34157
30072	34282
30091	37721
31363	33206
31490	38796
30761	36288
27120	38986
30843	34403
29658	35261
30894	31964
31117	32021
24049	33249
24325	34785
28753	36507
28608	34551
26336	34891
29858	37602
28281	35747
26886	37503
29058	35843
28566	34044
25839	39239
24183	37846
31244	32317
25904	39416
26512	35783
31586	34262
27644	36372
30486	39186
29927	36244
31192	34640
26927	35249
29445	38514
27762	38633
26170	37753
28669	39299
26893	36665
30548	34332
29027	38335
28567	36711
29380	36505
26132	39178
28476	38285
30403	32351
24390	38740
30848	32899
30149	39130
24052	39637
24256	38991
31141	38312
28907	33293
25152	35370
26022	36647
26408	36026
24888	35887
29563	39429
25773	38136
30113	38054
28192	37663
25103	34399
30557	37838
29481	33196
29505	35914
26642	32587
30477	32421
27752	32715
31455	33888
24870	34790
27628	39508
30336	37081
24574	38438
28301	36769
29079	37837
27796	36922
29153	33737
26821	37240
31505	35389
24090	34139
28386	35302
24095	37737
24565	36998
31245	36276
25116	33882
30638	34405
28514	35273
25548	33970
30471	33030
27788	38454
30259	38833
30556	33231
31408	31776
24137	35651
28494	36761
24278	34075
30951	37473
25343	32120
29709	34535
29229	33475
29487	32848
25092	37074
24831	35015
26146	37304
25797	31858
24077	33784
28229	38544
30646	39196
30402	31730
28243	36805
28670	36473
26707	37738
24172	34593
28379	37634
28252	37502
30734	36693
30883	35762
29077	35053
28340	36594
27682	38210
27697	36851
30434	33230
31217	32325
27005	35075
25932	36475
30145	38884
27670	34247
29782	36750
25998	37357
25923	31750
27615	37699
26802	32206
26488	37027
28474	32045
26589	39600
28960	33226
31133	32136
29624	37579
29331	39067
29312	32428
24416	34961
28085	35065
30436	37930
30662	35810
25064	32217
26379	33108
31526	38690
27543	38200
29620	38708
24284	34008
27367	33362
30404	38305
27012	38332
29003	31825
25703	32840
27404	36506
27903	38153
26071	33360
26080	35350
29857	32326
28519	32358
24151	36084
27478	31927
25691	33406
28294	35803
28660	33204
24421	37480
26078	38483
29639	37453
30937	37433
27168	33373
27088	38435
29294	34321
27310	34047
26553	35720
30718	31813
25382	39267
26555	37343
24345	34727
25513	35915
26197	31968
28594	32309
24350	32100
27141	32942
26577	37957
30723	38065
28149	36185
26279	37300
30685	36868
30678	38147
30893	39132
25562	32489
26233	36208
30187	39522
24688	38379
30539	38956
27119	32283
26310	37813
27097	37294
30988	39008
26405	32838
26285	37289
31343	35587
31534	36884
26126	34186
26015	34442
