19220	32389
19765	38605
20977	31920
17251	29102
19782	39488
22669	29573
24487	38140
16299	37110
19932	29017
20026	28212
23617	32539
23212	31399
15663	32916
19858	29039
16489	35715
23975	34147
17014	36872
16975	36750
16281	30571
16793	30412
21471	33359
20926	28543
15755	39446
18630	34464
26435	31080
24885	29557
22566	31670
18794	32304
20174	32750
15879	31364
19034	37155
16758	38205
15042	39108
18637	31177
20562	28225
19635	38854
25643	33732
27137	38764
15972	28197
26885	31695
15926	30684
21190	34429
15971	31202
16414	35303
19254	38253
24328	29783
18190	37048
21494	35987
20524	35185
23696	30150
18995	33183
23624	28068
25923	33820
20472	37898
21584	36002
15739	29670
15046	37922
19510	29960
19750	37274
17111	36497
15275	36323
21636	35846
23490	33874
18638	36858
15591	33744
20465	32101
23134	31836
17753	29893
18772	30804
18579	34662
20283	35296
26824	38669
17023	38530
24550	37170
20285	28943
25374	28893
25003	34322
18207	32672
17847	27451
18094	33477
20704	28762
22282	29944
15504	36522
26019	30321
17199	38864
18197	28367
18620	36303
25373	38129
19808	31856
18469	37888
27158	28173
20291	31259
24631	30652
16388	33796
16579	37515
22157	33512
17964	38212
22088	36992
25568	28931
21749	30402
21473	30711
15065	36748
19158	29050
24336	31334
16729	36527
15967	30929
22178	32579
15328	36525
23948	27854
25650	28293
23038	33381
18529	28126
22985	35646
17262	27753
18450	33322
19779	31546
16990	33211
17924	39242
27143	29384
23802	39253
21485	33483
21298	28107
26084	32284
21664	31332
25067	33974
20279	30212
23867	38327
18844	31561
21666	27862
22574	27860
16673	37395
23798	32211
27024	39592
26277	29760
17723	34079
25150	34740
18836	32936
19114	37248
25561	39219
19740	28627
18292	36760
24694	37473
23472	28771
22765	37841
25262	34336
23059	38944
16056	28353
22623	32722
15610	37210
21184	39057
25350	37275
22094	33332
23939	30853
17467	30952
23268	37340
24367	29706
21898	33540
21448	28400
27048	33341
21036	36564
17371	33613
25039	37671
15970	33461
18662	36453
24664	28052
22837	33248
16705	36187
17885	39517
17524	37754
20046	35401
16097	30090
21124	34595
16882	35634
25885	38108
18113	28742
24734	32152
17485	31088
19852	29797
20650	39433
16476	34892
25416	35997
23924	34934
25169	34790
21993	31015
23866	33253
26602	28928
16761	39556
19754	34453
20169	37192
24034	30419
24672	30469
17229	38000
19122	27906
24633	28356
23707	31965
22866	32042
20276	38003
24658	29837
17574	39357
22772	31171
16374	29842
21256	29054
17662	29419
22439	36288
20186	28383
26875	31641
25766	30122
21756	29352
19584	38757
19856	34905
15512	35857
24173	36058
23517	37731
21902	36117
24864	37145
17672	38152
24000	30166
25778	28026
20458	35254
15627	29021
16177	32552
21775	38827
18807	34155
23767	35662
17733	34679
19867	30397
18527	34818
17088	33179
15343	30760
25378	28597
24600	27323
23609	31772
21578	28937
25316	32549
21661	36791
18545	37025
17204	37856
22851	29390
20030	30662
21929	37786
22365	39051
18297	33272
19594	29392
15159	28284
26560	39593
23357	28266
22528	29905
21336	29473
24868	38424
22494	35078
22210	35463
18887	37891
18107	38745
20628	27974
23791	37293
21504	35052
22054	33373
21630	29556
18188	28206
20671	30328
25085	34681
16881	36866
17641	37218
25026	27861
24258	33708
25159	30949
19983	33862
25768	28431
20414	35168
24954	31143
25676	29508
17004	34580
26006	27902
16951	29447
25533	27561
21583	34868
23667	38470
24494	28786
26629	29489
22245	32974
21356	30177
24502	37311
20460	28447
21967	32427
21792	30718
19844	38348
24526	30594
24744	31833
20851	37105
24143	29315
24198	32423
18731	39203
18577	34925
15988	30534
19070	31973
20483	36367
21102	29786
21703	32833
23829	30605
22606	32810
21827	36877
19135	37730
26754	27709
19324	35460
16635	27760
16908	34607
16408	30095
16539	36586
23300	35079
22894	30943
17844	34471
15797	30489
19464	32737
19169	38953
26331	36713
18036	35308
16953	37774
25132	29466
27179	36690
17853	33909
17843	36523
17519	34715
18134	37007
25536	29736
22491	37775
25549	31784
22466	32348
25662	32189
18834	29022
25747	34753
16396	38462
26135	36810
24303	33094
17984	38897
19517	27474
15628	31769
24211	30666
26693	27325
17966	28454
23219	37648
17684	38829
19133	28685
19457	37556
22680	35525
24148	29509
15151	39189
16065	31488
18387	30912
25321	37314
16024	38238
20362	35499
17591	38799
18035	31624
23279	39394
18219	28103
18053	29226
24455	31736
17227	27461
26167	37815
21153	38969
15266	30765
20048	35572
19341	37812
22217	27360
23545	34120
26839	27403
21718	30961
15965	35640
15768	29953
18280	33981
19252	34789
21987	36732
16294	28629
16378	33338
26892	34435
27254	29966
17283	35592
18779	39350
16960	29767
27237	33776
17629	36344
24030	31235
16180	38026
17081	33544
19128	32657
17987	32079
18933	35791
18515	30939
18690	28616
21781	34926
20172	38561
24912	31228
15297	31114
20396	32758
25683	36789
25898	33241
16289	30036
16820	31103
24350	27920
18531	37682
25396	38012
16947	27334
15196	36477
15333	28525
25353	38081
15796	39014
24917	31931
21278	27864
21218	37294
22285	38202
20231	34351
15505	36678
24751	33929
15402	37393
25323	39144
21573	29817
26801	27688
24325	35681
23584	28570
15680	30653
25301	35682
26916	39149
16858	35877
25315	29135
20889	39285
26871	33372
22176	32973
23090	35872
15854	36575
22751	32073
23657	29366
19895	37635
20514	34528
26451	31319
20579	30323
19359	31401
18322	36339
24951	29723
15188	34744
26002	28815
21599	36124
20833	29752
26240	35029
22736	32978
22816	33264
24567	30241
17677	29347
22618	34674
15446	28576
23123	32184
26377	32371
20035	28114
25628	29031
15741	35842
17042	34426
20513	38899
18929	30235
23183	35545
17559	28848
21689	37130
19096	32941
16592	36806
16151	28885
15795	36656
22385	35585
18388	34980
15153	27679
23157	33282
17925	32853
27164	30428
23301	29305
26858	37804
27278	28858
24845	27846
23962	35745
22793	31122
21120	29728
17778	37936
18164	36051
16842	29184
26168	28008
26243	28444
15788	30846
25484	35042
21933	34540
25958	33220
26181	39514
23229	29523
25442	29218
21983	28201
19364	38546
21735	38480
20012	31936
25548	28820
15130	32126
25770	31250
18291	39421
19315	33390
18727	36779
24353	37300
15067	35750
16116	33673
22595	34527
25983	30326
27263	39179
26310	39240
24779	32259
25138	36308
19336	28561
19743	38214
24508	34603
18025	32667
17935	37982
27135	32678
16521	37659
16578	36745
19018	38427
20108	30140
15047	31600
16885	31047
15934	28462
24393	31293
17296	31896
25368	38738
20620	29642
24505	28823
18707	31700
20094	28726
24746	28971
24101	30467
21852	36094
20024	32926
20939	31013
26867	31232
26646	30576
16832	32840
19304	32273
17017	30817
23533	32200
16117	30568
25808	37253
16612	39121
22025	32652
17884	27545
24142	36026
17650	33336
24757	32780
17640	32661
23196	32314
22726	33927
15284	39110
26623	36661
18898	29158
15238	33161
15495	37661
24943	36095
23725	38469
22482	32785
16809	34940
22302	28488
16704	35419
23119	36006
24296	38535
24955	38095
20765	27776
15661	34838
25492	29687
25156	33898
18057	31422
26202	32435
15666	36847
15499	28791
20576	37948
18467	36088
16495	30392
22979	38170
18247	29228
16861	28325
19762	30420
20904	35824
19577	38973
16086	29059
17278	32804
24472	37327
27019	31498
16205	33213
24441	38479
16043	34806
16891	37385
24232	32712
19322	28679
22165	34158
20657	33822
21904	27967
16045	34242
19056	28476
21499	30494
22824	37411
25392	32696
26987	36860
25000	34652
17114	36965
24535	27722
22690	35089
23715	30253
22397	29898
17981	33752
25751	32052
27270	33309
24233	31052
21166	30988
21841	28693
20643	33342
26034	31139
26702	37485
27032	29727
21476	32049
23006	37655
20171	31577
23679	27794
26728	34184
17133	29344
20061	34628
25710	34661
17302	32449
22170	34682
22235	29851
23138	30262
25675	35358
21568	32260
19699	31035
21980	35790
21627	38079
22192	29130
19306	32605
17580	37111
20623	34908
25005	32160
20922	34458
17190	34593
16533	33557
22488	29527
16022	35819
25407	28796
26945	37331
15696	27562
19455	33218
16114	35188
16313	27327
15764	36370
17018	33910
15329	37970
19121	30603
16610	31951
18344	32134
17124	35999
24970	35903
24629	29554
18576	28886
22291	37585
21342	39529
21015	27779
17863	31542
22304	33470
24054	37366
22492	36482
20013	37456
22815	32299
18797	31718
16721	32130
19533	29552
23733	38648
17721	36621
21990	35494
24950	33263
17531	37566
16105	37986
21966	28000
22825	36255
23078	27484
21906	35870
18513	29519
22108	29348
22526	30559
21744	32144
18239	37179
15071	32392
18159	34612
15897	28635
17710	29896
15004	28714
18744	38213
18935	27479
22053	30991
26727	36013
15646	35746
24910	31747
23784	31453
26157	30379
18530	34985
17342	28592
16591	35955
22960	32212
17702	37765
17789	31302
25330	39226
23162	29916
21371	32906
27060	34653
18042	35300
15673	28276
18845	36954
17972	37822
21743	28523
15260	31058
18570	35547
18364	37766
26547	32207
19370	36756
25211	35105
16824	37237
24422	29494
18720	27817
18665	28270
23741	29367
26326	35617
21755	34633
18765	36272
16444	39467
22114	33893
19975	32975
20667	30933
22144	27972
22982	38194
18463	38452
15596	27481
23030	37350
15560	29580
16752	29988
26774	29168
17260	32715
17089	38292
21236	33598
19578	32339
25793	28961
16417	31527
15778	35587
19636	34919
17192	34433
20431	39246
22540	33728
17433	32439
21211	33608
16309	37938
15407	38549
16504	32663
17760	30977
18227	28675
24298	36023
21779	29981
24765	38338
23810	27662
18095	36311
23246	28408
17836	35835
17101	34415
23888	31350
21754	38154
21090	37607
19038	38336
27193	37951
19209	31528
19828	31394
15059	31954
22558	28452
24793	36427
19749	36935
25261	32328
20556	30295
16849	31827
16754	31735
18182	38619
25497	36193
24310	32375
15264	32135
15784	27587
23443	31118
22449	38773
26036	30127
15052	39262
17268	36251
25600	33225
18226	30537
24669	27968
24498	32000
20634	39016
20796	33308
24100	38117
16876	32880
21413	30705
25876	28051
15541	36637
25886	38206
15593	27648
17455	30249
20661	32977
21687	32944
22759	38977
15901	27871
22080	36753
22215	29615
17970	27790
23611	33169
18754	32132
26031	33706
15765	27577
19976	39528
17850	33959
22899	32363
22884	34397
15830	37803
20500	37245
20844	38910
20182	36767
22448	31791
21772	35876
18795	33088
18243	32125
24239	38163
24747	33318
25231	35577
17138	29475
20053	29464
21447	36998
16739	35120
27147	29363
23105	28386
15887	31744
21553	32378
23919	34800
17248	38196
16701	29058
25560	28249
19711	37137
26233	38847
23329	28604
26861	38245
22254	28824
19842	30667
19361	30872
20462	39225
21029	37056
23092	31794
26743	36273
20451	31321
22869	37589
17047	34345
25653	29628
16285	30377
26041	32270
23745	29621
26407	28134
24707	31313
25503	37502
22896	36647
18158	29612
21301	32418
25199	31754
21496	34064
16652	35527
17911	29145
15340	37234
17403	29285
19661	36854
22354	36605
25314	32480
24361	37858
18146	39435
18813	32658
16174	33167
19026	38197
16742	38976
24179	29441
22104	35506
26484	36660
18593	36000
15571	33719
16799	34198
17021	33917
23811	34719
26239	32767
20239	34367
22975	30033
26004	34381
20409	29514
24967	31331
26113	37399
16526	31025
24987	36196
15069	34717
24311	39315
24713	38539
22062	30930
20925	37312
22936	37024
16561	38103
26910	36836
25721	30112
25539	28244
25351	30862
17193	37689
22501	32177
16626	31609
19622	30491
23023	30882
16988	35538
22805	35497
18914	31375
21874	36419
26641	38415
19757	29504
21373	29923
21654	36355
27054	36712
17965	38451
24551	36103
17350	34377
16582	32618
26819	32770
23217	29077
22350	36625
21503	35005
21372	34041
27267	33327
16844	30868
17545	37441
15382	34720
16950	38027
20295	31413
21122	36801
15745	30614
22015	38401
23057	36316
25779	30162
18293	32813
15852	36055
18324	29831
26780	27943
26369	34399
18411	31544
17116	34757
20157	29283
26234	31045
26863	36502
23170	32625
26062	32064
25576	27656
18153	34805
19793	29765
18948	27922
20729	27705
16358	30535
19071	36460
25784	38599
23368	36737
15734	34321
22761	33478
25242	35601
15193	39022
23024	32650
25726	36715
17441	36132
20050	30914
19546	34078
15202	33222
18890	38474
24675	36709
15903	31249
19958	27557
16442	37987
20635	39345
20907	31359
20510	36269
21138	31006
20486	31770
22438	30611
16071	36300
22867	32620
25850	37017
22977	34316
15878	31310
26994	36149
26760	38817
17948	38583
19139	28788
20800	27788
18827	38982
22377	27386
24867	33423
23532	35953
19948	29112
18583	30557
19261	27442
17261	36504
19302	35335
24107	30483
25240	33734
19880	36353
23536	38418
21436	34437
22945	36459
26376	29547
16146	38857
27231	33283
22257	34686
20296	33748
21089	32021
23453	35430
15243	38505
23774	32278
17186	35568
15865	38699
19290	29848
15200	37059
17327	32560
21379	28770
22718	34867
19511	34337
16142	36137
16805	38832
18054	33265
26427	31409
20944	30416
17058	36758
23691	34574
26003	28640
24492	34530
22209	37387
19123	30547
21392	29271
23012	33460
17745	33112
17383	34773
17861	32396
20516	36148
22150	38066
25771	29193
21254	37779
27211	31895
15286	33034
16362	30633
15102	36616
20140	37674
20254	31648
15380	30539
20547	32264
19291	38421
24130	35040
17993	31056
22037	36285
15633	39562
23610	28018
18558	38413
15918	35729
21845	28344
25075	28050
19369	36487
15799	31366
22770	38858
25855	27371
18244	28730
26442	30408
18308	36397
26923	29544
15884	30342
19214	30509
16501	28970
26273	38126
21231	31272
19348	32602
17708	34505
20519	31338
20133	31782
16319	33049
26474	30183
15913	31603
23149	32011
20318	27756
26666	36312
24717	34953
18589	38093
18064	29641
26411	30889
26269	28513
19952	38935
18988	28370
21605	30577
18562	37551
23452	33574
25053	33900
18303	31102
17049	27619
16597	30646
23669	30046
15430	31519
18633	30285
22613	34936
15242	35508
24843	37954
21416	34558
27007	34929
21576	35930
17895	32107
17053	30659
16104	31934
24978	38867
21111	35841
24919	30504
25823	36374
16000	31727
23987	28187
19345	28089
21842	35211
24841	33306
20708	32580
25869	37075
15194	35187
21163	29633
22702	34023
18167	33686
16812	38640
18895	31996
25167	31655
23434	28295
22077	35793
23307	31889
17093	37437
21581	28636
18880	30851
15920	31553
26615	29126
17107	37028
20355	29248
15670	37000
21362	28856
16089	38570
23641	38178
20956	28978
22418	39042
20880	38592
21908	30005
22865	39407
16507	29122
17330	27742
15083	27954
22682	27842
16072	29593
16263	37857
20802	28275
26757	29467
26935	34811
25722	33082
27295	34087
15157	39169
20065	34329
22366	39436
16856	38263
25543	37837
19095	34924
23479	30405
23392	35340
24657	29739
19079	35169
17494	31601
23308	29082
23483	36033
19327	37199
15395	39234
15082	37224
22454	29242
26555	33399
25582	34378
16460	35605
21267	38872
19240	36062
26974	29993
26582	29614
17501	35243
17020	31231
17267	27712
17307	35429
25569	31492
25141	39071
20393	29973
24346	27765
15671	29370
21160	34422
21328	34931
19024	35053
16406	34089
26117	30425
15475	27700
15031	38707
21797	34034
19714	29788
24673	33501
19323	35832
26686	33901
23750	33801
21003	35907
23891	35889
27163	38814
25945	27413
27030	32890
18468	37359
19898	29884
23228	38342
26319	38934
22127	30834
18256	32541
16229	30870
18839	31038
20968	30500
25772	38189
19630	30516
25114	28163
21265	38450
18879	37490
18858	29216
21323	33231
18514	29659
18615	35882
26528	32276
17282	28787
17240	31864
20115	34162
26672	30874
21713	30298
24960	30522
17634	32487
23286	33641
20059	31012
15626	32458
22525	37664
23406	29394
16678	32185
17223	33975
25660	37042
25004	32138
22996	36574
17595	35096
22293	34149
26158	31200
24451	34326
19840	30383
18939	33952
24158	27891
16889	39522
22512	30530
20481	28453
21679	37416
24067	34552
16183	30521
19655	37972
22300	34970
15863	27383
21881	38456
23091	33180
26913	35628
23263	37005
21769	36780
26877	39423
23930	29928
25030	32075
18555	34689
15076	38105
23086	36856
16645	38902
17512	33409
21260	37764
26083	39145
16379	28411
17421	39003
21263	35140
18028	36209
21942	36562
18918	30690
18833	38289
20813	37808
23315	36298
24972	29064
21709	30113
21876	29005
18052	37805
15511	33887
16865	30404
19643	28031
23568	35380
23269	38028
18282	30734
27188	32215
27031	27457
27311	35839
23469	39214
15403	37539
16407	35635
24366	38370
19650	35948
25059	35010
15437	37634
20153	31137
25100	36704
24540	34775
20009	30552
22065	35805
18697	32261
24094	31014
20679	35486
22115	31741
18275	37992
23525	36561
15440	35103
15867	30224
22006	29155
25386	36620
26947	30831
21390	36718
19605	36572
24355	27328
16025	31966
15804	31787
25253	39217
16318	28472
25437	30153
24457	28599
26606	27422
23684	39250
22864	29908
17424	38520
18379	30488
20033	36738
22951	36157
23153	28580
20346	27516
21125	33293
17113	33882
22895	28801
18850	35564
21579	38664
26701	29148
17668	30592
22384	35536
27184	29871
20518	36330
19301	30385
22058	36253
16810	29640
17752	35019
15127	27398
26703	38266
25454	27465
20699	27934
15250	33349
15404	28302
19811	28922
17003	34492
26337	38875
20089	38211
15211	31100
16789	38704
24449	30527
15030	32037
20155	35782
22643	33741
26252	36244
16554	31044
25326	36178
25504	27492
16991	35690
22367	35225
19873	33437
20603	28508
16819	29699
17840	30223
23431	33380
21287	35725
15931	31903
21813	30583
15806	38464
19196	39331
26205	28381
25731	30958
21534	33019
26677	31956
24412	34483
17759	27937
23945	37315
19923	29835
23181	31265
16806	34516
19001	35247
19805	34356
19321	32748
20078	33989
19691	36566
17596	38582
26573	36612
22637	37144
21414	30691
18550	35156
16029	30960
17100	34996
21438	30082
22327	31792
22232	28044
26768	32153
27177	35910
26827	35687
16894	32688
27249	34382
27028	28043
15590	38363
21550	31575
17815	36180
24228	33658
17317	27489
18634	28059
24401	33217
16004	34416
19706	30589
21173	27698
20768	30221
17775	34749
25183	34282
18990	27387
25680	33941
16767	33926
18024	33746
22175	37429
27256	29003
19407	39013
18410	33131
26067	31486
15273	34084
24703	38913
21872	29453
26149	32919
26692	29405
18719	29257
18964	37611
17109	27435
20334	30468
18373	28172
22592	32240
26473	28457
20366	28774
26270	34197
25161	35048
15855	32067
22730	30902
22028	38435
16303	33560
25202	33659
15168	27473
20241	32231
17148	38905
22459	36046
25006	33635
26139	32895
24144	34051
24019	37146
19724	33878
16246	35170
25257	37631
19352	27740
20734	37153
27202	39327
18752	28041
20130	31995
15278	38708
22475	32866
23043	37708
16361	36909
16102	35505
22790	35703
26090	30597
19894	29667
24614	38024
19615	35992
19127	33324
18650	27823
17231	31640
23260	30963
19471	34014
25235	38688
22773	30439
26195	30380
18671	31042
26909	37874
15126	30556
17458	31993
23529	31068
21519	36174
26029	29224
19265	29362
24826	32437
20817	31722
23197	35322
21300	33839
16877	34735
23554	36771
16719	29298
24660	37949
26465	33649
16132	36142
26214	28529
20555	39380
23108	28586
19792	33582
19504	36556
15489	37150
25298	29379
17602	30004
24041	27986
24801	38541
18368	36431
21696	29287
18150	35796
21183	36581
15028	36368
19966	29949
21192	28746
23708	34522
23325	29840
24425	32707
16150	30493
15267	37544
26669	33623
22000	31175
17052	39368
22795	30694
19502	33164
20637	39297
16284	36595
16670	32702
20522	33240
22338	28803
19012	35599
26183	31016
27027	37225
20381	32122
24626	36396
16982	29053
21928	32809
19440	38279
24187	39245
21433	29854
19709	34971
25678	35331
23734	36681
21888	28152
15497	35901
21425	34615
26047	30955
16435	38222
18519	32596
18965	38332
26496	37020
20281	31843
15715	37489
18642	33363
15080	27925
19878	36999
24781	34347
18556	35976
22375	30824
20095	37304
15073	30787
25947	31566
17079	32136
26575	34445
22746	37615
19519	31030
25941	35408
25172	29653
24363	32721
24510	38409
15678	27575
23729	34830
19751	33518
16423	36069
26249	37035
26039	37514
24604	38236
15921	30372
21053	38445
25998	31437
23949	30308
24696	31517
26108	27319
19771	31721
23687	28538
25878	30290
23426	33353
15192	31475
17348	38675
22468	33100
23027	30306
24708	27876
21042	28707
19309	32391
18241	35524
16978	29719
20861	36183
18139	30755
24244	30218
20098	36256
21283	34200
16355	27572
15288	30203
26869	29649
17345	32633
23371	28938
19118	36624
21604	37419
22481	38308
19115	27642
20389	30256
15550	30313
25716	32379
24264	28357
18245	35292
17405	33690
18154	27831
17112	29907
16244	36979
25883	29927
22673	31306
27218	35654
20892	27798
21996	39571
16713	34097
24153	35027
22116	35837
15873	34798
25068	28336
21348	28888
15111	28285
21018	31226
18049	33176
21833	32096
22737	31768
19609	33639
22464	30268
20158	37579
27125	32413
25744	36679
25940	32966
21031	36781
24525	39001
19565	38610
21733	33794
26152	37239
16949	37985
21807	39353
18365	38402
23097	38006
15330	29076
26862	27494
26244	37681
25640	32689
24789	35693
24769	30860
22885	38069
18209	38014
21177	33994
23512	34991
20287	37057
18208	36063
15698	33524
23178	28531
23007	37675
21774	28948
15861	28918
22995	34172
21381	37945
15110	27381
22478	36464
18896	28537
19111	28250
16040	32794
18871	28188
18607	32761
15304	29205
15772	37576
17653	29824
26422	30790
22961	28828
17540	27405
17686	31947
15614	32182
17568	30735
18027	38735
26906	33831
21791	36734
24248	34088
18828	36111
17178	39241
15586	37270
18786	38782
24031	38637
17779	35195
21596	39295
23107	36926
26471	35263
18776	35621
23709	29244
27185	28092
18253	34452
19086	29682
22583	39019
16934	28598
26196	29179
15257	36463
16847	29950
15252	34809
19921	29237
23969	31536
21382	38121
16398	35090
24770	34939
26247	32173
25558	34848
16332	32351
26324	29093
24181	34695
22199	34040
23011	31074
19383	37897
24599	34098
25508	31674
17275	37942
16792	31942
26963	31295
23099	30272
15249	27719
20726	29317
17198	38625
19083	29131
22138	33523
19644	28977
18705	29947
21137	35403
18823	30043
19142	37845
26810	30172
22817	27525
24066	28332
25965	27643
17258	39276
27151	32294
19225	29684
25578	37268
18206	35032
25490	31559
21187	35963
15728	30665
24282	29576
18161	30055
26820	37149
24414	37147
25027	36786
19206	34144
22611	30114
19271	33731
18429	32029
25399	31838
18267	31992
26532	28558
26232	36422
25814	32556
21765	30185
23232	39531
18039	35256
22111	32559
24832	31964
22703	39027
24877	35058
25052	28800
24704	28860
26818	27437
21108	37049
25813	28486
16163	29081
15579	32943
22607	30125
16412	38123
22362	35344
16517	33805
17859	33090
21766	30356
22182	28689
23776	37695
18848	27558
18394	31240
18008	35189
21098	28941
23597	35947
20011	34133
25592	37603
26049	33174
27238	31176
27044	30981
16108	31653
20058	32708
21107	27724
19013	28663
17336	34211
20642	28468
15785	39287
20888	30211
22800	34524
19785	36080
21375	31815
18954	29720
26432	36404
20010	37548
22137	36319
23484	27732
22853	35826
15639	35945
15510	39191
25471	29913
26329	37169
15707	29180
22140	36359
26393	31289
27199	27519
18201	30167
20779	31051
20257	34747
21225	28952
26765	38733
16207	29974
22521	31483
24043	31971
18086	36507
23154	33405
15377	32585
21972	31225
20782	36122
23801	35488
26274	28836
23544	31781
18770	30144
16545	38819
20347	39260
18350	32639
19043	34383
19006	36218
23113	37644
22089	38115
23932	29838
18272	37073
24831	34645
16189	31812
19964	35996
25642	36341
20103	36087
17897	32713
22470	35183
16002	28837
23375	34831
18301	29887
26700	30243
18374	35934
23386	32121
26647	30476
20446	28575
16472	31725
17398	32312
26155	38972
25096	29004
15917	36646
18640	37732
17438	35059
15099	30485
25048	36274
16995	32355
15369	34288
25475	32873
23951	27580
20509	34077
25191	37868
15676	29936
21346	28652
23341	39494
22049	33350
16179	30998
16907	31865
23828	31819
17451	29432
21545	27908
16711	33301
21310	32426
23112	39438
21940	36328
16959	35900
20311	31050
19029	29202
19951	34891
19735	27536
19829	38067
23345	39543
21091	33891
17737	28305
17306	35202
16219	38853
22684	33897
15722	38698
15992	31236
25837	27359
20193	38476
24561	36164
22033	38677
20788	28010
16064	29191
26455	27330
26458	30763
18409	39413
18508	31212
18102	27407
16265	29611
15556	30700
16735	32570
25044	29745
18401	33899
26635	31106
16257	38234
25241	28120
24962	31691
26301	37011
24676	28535
25899	34972
15186	37901
27012	39104
22002	32817
18907	36166
26594	35266
21026	32686
18728	32098
22634	36362
26944	36671
22821	37161
19007	28164
22555	34910
20025	33618
20471	27554
20433	37277
26154	35192
20173	31893
26556	38168
17730	34208
22906	32990
20717	35659
25218	32939
19668	38962
23104	29101
25621	30320
22109	28601
26691	28612
19564	35039
25207	34152
18635	29296
25882	27933
21778	36775
25931	27998
25495	27744
18250	34176
16570	35583
25289	32353
24896	38015
19459	28769
18173	34046
22320	36897
21213	30152
22735	30703
18969	38643
17492	32865
15203	33629
24739	30255
21610	37143
26980	35473
20631	35241
20111	38881
18485	28161
22569	27377
19831	28890
21992	31285
15585	32934
22117	35014
15044	38272
26461	29814
26498	29763
18075	34174
15555	34246
15204	33087
21808	34629
23595	33611
22061	38417
17372	38668
25452	35088
16859	30422
23500	30839
23878	32648
16627	33693
19593	29337
19995	30770
25084	29206
18937	33005
18199	34091
15181	36818
16126	31462
19871	31970
15464	31267
24644	34663
15933	30069
16447	35926
17119	37054
16094	32445
17560	30969
23055	32405
20455	37335
15856	38744
18481	27936
15529	32598
16815	33386
21006	32498
23402	37702
25097	36969
16310	35414
18349	36326
20497	29517
24619	35224
18298	31628
15268	36473
23399	28641
15823	37683
19333	33937
17511	38368
21514	29089
18787	33983
22855	35198
22380	34576
24536	35859
25063	36084
19788	38312
15409	38759
20942	34364
22807	28049
21857	33924
17504	33904
26957	27759
23367	36700
20456	39589
16993	31807
20933	38185
18878	29859
15964	28551
23040	32289
24776	34765
15325	27827
24948	31888
17169	27636
25538	37175
23690	29710
24342	36662
23832	32443
22480	27686
24839	36680
19614	35735
19191	34408
17607	29933
21613	32193
17489	33760
21244	35455
16459	28834
17382	28303
25369	38712
17961	38937
18034	34732
17872	34101
23383	38723
19679	33516
18852	38991
15296	33329
24008	30280
20920	34605
17941	35530
25585	28399
15740	29661
16608	29729
22715	30482
16410	38139
19525	31323
21489	37316
16070	35774
26788	32366
23358	35647
23420	37103
20723	31554
25661	28673
16512	31688
21203	28540
19274	35972
17374	36977
25665	35913
16616	29487
17638	30593
25467	30384
24886	33096
16400	31664
25782	30523
15386	27884
17812	37211
21994	37915
16540	31497
21953	38181
25087	34995
21513	33252
25152	34185
16971	28345
15139	38022
20313	31336
23208	28516
17066	35921
22229	35239
22472	32462
15849	28908
19260	29142
16919	30733
16334	29639
17497	28811
24141	33117
20877	34279
18801	32326
25448	28544
21344	30642
17556	28369
22575	27898
16254	39009
24825	39352
15759	39362
15373	33054
24467	33340
22511	28101
17617	27877
16918	32601
24764	36697
26250	33564
26159	33370
20300	38833
20769	30891
25278	34450
20589	38166
26316	34766
18913	31793
27154	37384
23032	36917
22185	32234
19293	32467
20490	38598
26248	27841
21594	38070
26969	35880
19292	38927
18962	29311
20835	27423
18796	29516
16049	33513
25271	29725
17064	35421
23561	27674
16931	35360
16928	38533
16611	36863
24265	30689
22265	36930
21624	38766
22231	37447
21944	30936
24136	28553
16066	27521
23856	33497
20037	33628
19241	37120
20183	34259
26356	29400
20143	34465
21487	30276
15117	38112
20370	34930
26741	27866
21465	28195
19413	27414
21757	34523
23559	29310
15904	27501
19776	34550
21240	33685
17681	29815
22852	32786
26433	34874
22503	30645
16061	30794
26460	31246
22762	35013
25608	36190
20028	37243
23378	32573
19386	29560
15790	33515
24047	34315
15792	38834
19483	34994
15569	36101
21644	35124
19846	28449
15132	34410
17029	31154
26584	28042
18385	36597
22066	32472
20085	27486
24450	32362
24816	35960
15625	31029
24649	31400
19498	33881
16087	31556
24245	29900
18236	36281
18480	29507
25972	33411
21651	27444
22333	32561
19639	32364
21566	30681
15131	28471
24330	32102
19201	30987
18691	37796
16869	29240
25028	31821
17450	31089
24088	32515
20876	38293
18594	31994
22370	39232
26350	38501
23158	33585
18773	31493
19035	32782
25575	32531
18791	31279
17462	36919
18596	34166
15507	37472
23455	36794
24145	27962
18684	35280
15902	28025
26102	32282
18616	28687
22177	35476
17142	29163
26738	33977
24682	30807
18479	29525
23523	28619
26736	30314
19675	36038
25349	29245
18721	33914
27001	38988
21800	27370
20445	32754
25889	34349
15736	27749
16915	38695
23992	28809
26998	34873
17509	27774
23531	39585
24726	35736
20351	38498
26370	32012
17848	33759
21657	27644
17949	34454
17827	28915
20096	28354
22326	30968
15400	33081
16788	34436
24040	28319
22357	33392
26408	29664
22615	37467
21405	37373
20286	32298
19311	38750
23974	33586
27006	32506
22416	36241
16051	32022
20487	38177
20552	34553
20828	37394
18900	29136
19647	35546
26679	32914
26143	27394
20072	32440
20152	33674
25789	28698
18542	29717
26662	33985
19688	29160
20694	29968
27313	33533
15342	30655
18587	27735
16841	36552
20990	33855
22779	31547
22672	39167
20112	38228
20144	34132
26153	28098
26373	30578
21509	28642
15595	28316
24117	29747
15227	35591
21243	39532
24404	30730
16154	35625
27303	28719
26598	36520
25701	28254
25877	34016
24504	28913
26973	30604
17582	27564
18552	28378
17615	30551
18260	32438
25204	37833
24015	27503
22656	28871
23748	33534
20743	28589
21307	36639
24095	37584
25267	28625
15567	36139
21302	35424
20384	34591
17491	33237
19509	36296
15003	33520
15087	35222
22051	33677
17038	28985
17770	37296
23381	31611
17166	31248
17995	36004
15145	33868
22947	28912
23870	32178
18497	32237
18656	39094
16387	36304
26246	34963
21280	31163
26983	30821
21474	34424
24642	38606
17590	33343
23673	30123
27130	28873
16496	31081
21051	38873
26109	29049
22347	38165
15309	33633
22550	35658
18757	35825
20554	36150
18694	29967
24129	33182
19251	36928
16095	27804
15883	28166
18168	32210
25174	29643
17499	32565
23682	29964
16131	32545
24199	33837
26814	32792
19178	33086
23272	34402
19610	30486
18217	31529
17423	37604
17305	34659
22829	35385
20068	38371
23498	30024
26617	37763
17247	27321
26095	37033
16079	33130
19534	28733
20894	38475
16623	31233
15653	30344
26970	33482
16664	31337
15842	34186
25828	32230
24482	33815
26889	30258
19551	33915
15789	38025
22110	35959
18956	36940
23744	33907
18750	39011
19557	34247
22162	34301
24240	31290
16534	34140
22763	33048
21428	29528
26778	39530
21285	33418
19590	36511
21810	28618
15175	38062
26163	38898
26821	30366
22921	35695
22948	27743
26151	30907
18444	30436
21347	30396
18193	30231
15008	32825
20371	35022
16058	37855
21127	37241
23377	30354
18155	27341
21334	29349
23681	29153
17841	29381
18851	27897
23326	32099
19294	31880
20324	28131
26665	39500
22043	29444
17319	37829
23503	29582
26502	35227
20001	35925
26911	29806
21668	37568
15582	38730
15421	30542
27041	33733
15717	35206
17220	27425
25107	36484
26954	36189
26855	37320
20322	31461
18483	27747
15966	38921
16522	38009
18200	37474
20900	30074
19847	28324
17110	35661
18993	38492
16016	36451
24197	31037
15761	39010
15620	36927
24383	28006
25838	38673
16987	33042
21073	29045
21665	31615
18160	32725
19926	30910
19716	28427
24384	30210
18504	30465
19830	30931
27310	39020
23094	33284
27194	28594
18985	28659
17894	32590
24909	39418
24846	31750
25904	27811
20647	31217
20854	32359
15619	32465
20339	36920
24374	34651
25331	35037
26073	38553
24432	34955
16054	35080
19147	39118
18202	30950
22653	32779
24219	35498
22099	39213
23223	34575
19268	36212
18963	30622
16933	34928
22341	34085
26526	34251
25354	38635
19396	28004
20348	34358
20849	39456
20018	39437
20656	28363
25518	27668
27131	30318
16546	28196
23689	32422
16549	28111
18314	36428
24460	34219
17508	36573
22017	34637
18283	31867
24484	37850
26884	35914
15803	29879
26784	30248
24977	27796
18023	30307
27196	33621
17549	35441
20321	38182
23739	34885
16326	36784
19493	34712
20016	31742
20463	32868
24127	35923
19642	36207
18537	35417
21388	37792
15708	37587
16599	36475
21877	30983
24893	29825
26750	28752
23257	30780
26197	30754
26321	35518
16961	38169
19903	37963
20816	28446
16878	30893
18341	31824
20206	36163
22993	28715
26405	33299
21133	38647
21740	29094
22151	32629
20914	29711
22374	36076
22557	39021
15969	39325
24098	28230
15534	35145
21860	39466
21257	37703
25753	37066
21976	31307
23596	37903
23327	32347
15410	33198
19330	34194
24565	32538
17212	28222
26849	36205
22835	30533
16349	33991
17787	32124
19466	30261
17309	27463
23072	29099
18536	34714
19184	36675
22639	38536
20575	30679
16565	35916
15050	35843
25032	37176
15652	29477
20970	34111
15542	28278
26266	34592
23622	33279
17483	28839
26057	36415
17314	38808
20697	28749
18416	31054
23662	38333
25943	32087
15600	37402
19997	27535
18360	31863
25913	37906
20958	30081
23309	36314
15081	30399
20210	28552
27050	39505
21071	36424
23152	37089
17950	37593
17277	38948
20340	33456
18644	30635
15746	31234
21309	38104
22203	27838
22860	34480
22584	34344
16603	29958
17529	29883
24513	34006
24308	37403
19032	38296
18262	37746
17191	35478
25791	29165
26739	29598
22353	34675
21722	30972
25372	31411
20630	30768
25799	36360
15840	35732
21058	37820
27292	33950
25228	30291
15922	32372
22749	35813
24857	27429
15800	32917
22483	32937
26169	36104
25738	27646
22504	36540
24023	32910
21008	37517
25233	29812
26697	37362
26930	32980
21208	32165
18730	35307
24454	34167
21866	28816
24281	29546
18919	38064
26859	32202
25891	35475
16283	37878
25596	34018
25641	31927
15294	35102
21477	27892
27096	31432
25436	32103
23045	30892
17938	31261
21437	28424
20838	30758
25329	32090
18326	33383
20102	35001
22814	29455
18169	37065
20955	28291
27064	39365
25370	29864
15521	37092
18126	39480
20459	32308
20604	27563
21612	38254
25047	28507
17122	28055
16292	35438
21014	38671
19116	27992
15265	36611
21272	28422
27290	33742
18484	33965
16838	28264
25631	34092
24689	38728
25115	28239
23754	33424
16774	34680
24578	31660
20224	31839
18487	37720
21531	35221
21139	33402
16766	32431
23979	37401
26733	35808
20060	35495
17297	29212
24923	27894
26632	28398
23922	38994
17727	36976
22095	33127
24636	28965
15029	35275
23037	30293
24368	39018
27251	37063
20083	28814
16802	30154
23651	36309
15910	29044
25320	30266
21060	38609
21408	28081
23122	28255
20189	38662
26295	35341
24440	39175
25547	31314
22072	35754
18449	31010
24650	28318
20214	37002
24684	35644
17828	36115
24436	28156
26890	32009
25980	31682
23566	38341
19887	34756
18947	33106
15694	38663
18693	36517
16077	38186
17845	31945
20234	33449
22731	30742
19901	29281
17518	36950
24866	36824
18294	39294
25080	35093
18920	35875
19954	30315
21770	31419
18271	28840
26351	31957
15492	27453
26318	34843
16985	33310
24961	36242
15850	33335
26203	30400
26406	28171
18612	34743
17771	33740
21695	33251
22987	38007
18125	28998
26711	31242
21879	37307
20786	29882
26604	31020
24511	34541
16884	34136
24798	39061
25944	36145
24007	38545
20092	29996
15744	29256
23056	36995
22774	32819
17135	31438
21773	36838
24932	36184
20532	39409
16536	28304
17157	31968
24161	27837
22581	35234
22317	28178
21590	32407
19418	39405
21945	29742
21311	36617
26605	31989
24261	38665
21943	29938
21217	37745
15061	37677
22745	29269
22284	36808
20967	28838
21109	32352
19496	28660
21345	37297
15660	32727
16972	37801
25313	32319
19540	31504
23265	33895
26204	29651
24613	34319
20264	27928
17008	30590
16516	29482
21141	28133
18378	39520
26581	32862
15979	35491
24716	37090
24009	39478
21466	28279
18032	32349
17522	31596
21469	37851
16955	27926
24998	33793
24920	36978
16260	31031
23179	27419
22984	27385
19707	39393
24588	33920
21322	37821
17134	33326
22597	27982
16195	37885
17930	31435
21429	38056
17009	39280
20578	29133
23382	33098
15338	39256
22585	27829
25527	34449
16082	30774
27280	33007
24730	34160
26681	33356
24985	33555
24524	36071
16784	30620
22932	37425
23847	34119
18386	31907
23359	37254
25589	27400
19224	28987
25344	27459
23756	31911
19129	27728
15894	35339
21136	31851
22628	36039
24804	36862
17802	30607
25366	31120
20959	29299
15642	37204
24891	31591
21172	33394
24180	28797
17714	39113
26166	36693
19518	30225
21377	28717
17573	34711
20632	32470
18788	28697
24275	31084
20242	27369
20423	30371
25212	30340
21751	37220
15105	39395
23284	35298
17933	32479
17408	36695
24849	34405
24172	35815
26456	28079
17357	29762
17766	34384
18342	31128
23089	33205
23985	38219
16532	39427
20815	37178
21684	33330
26901	32827
18425	35986
15650	38843
24880	31732
17998	38157
27229	32338
26941	27893
23929	27354
26567	35479
22532	29016
16520	33951
25421	32340
27150	32089
26680	27596
27167	28280
21329	27550
25388	27819
22359	28241
19316	37422
20941	28322
19530	37069
20000	31761
16903	31837
17889	30508
23889	34346
20160	32334
25517	37559
20402	31178
18588	32223
24899	31630
26622	32892
24119	33266
16217	37717
17654	39489
20992	30047
23779	28029
20687	32068
16280	37893
15629	28109
15668	30570
17604	30720
26939	36964
17940	32497
15169	27544
18162	34896
16749	35448
18408	37266
20932	34013
17344	35570
25798	33771
25906	35138
15256	35201
21790	33371
20450	34551
19573	36200
20824	37227
17442	33502
24842	30721
17718	33918
18305	34967
25752	35951
22280	30545
17197	30888
15439	39318
22636	37286
21565	27606
22355	37582
15298	28588
23909	34420
20380	34854
19474	39251
22308	32197
18942	31110
26050	32981
23826	33170
19313	38828
25022	39229
17039	34920
27230	38509
18934	37397
15839	39293
18445	27467
15756	34783
16027	29634
16147	35174
21730	37389
19411	37034
19009	37525
24003	30310
23245	33761
24612	37099
23400	38781
17746	28973
26150	32310
18335	36376
19276	36420
23155	32757
23895	31797
23920	29600
15987	36603
26908	30478
22533	31720
20488	35182
15645	36287
16656	28842
23435	32938
24250	32953
19381	38374
25924	27440
17270	38701
19075	28794
18204	28688
22074	38428
24691	28727
19286	31978
24017	33883
21079	29221
26631	36385
26792	37865
20528	32337
17726	36436
22668	36432
15946	35152
22535	34582
15349	28646
23118	28387
19783	29057
25280	38271
18240	39180
22226	32562
16452	37646
17171	32829
23997	29199
24226	39274
24645	28191
18203	27392
18520	38752
16073	31961
22856	28390
21838	39197
19945	38013
22578	35150
24087	34625
17332	39495
16161	38891
22173	36405
19375	30850
24969	34260
21105	32972
22378	39346
22880	31131
27124	32365
16910	37418
19807	33630
24344	34724
23812	33567
24151	28267
19722	36226
24512	38267
23683	28902
17980	28805
15451	39279
24445	37109
21615	38031
19402	36449
18490	37129
17704	36939
22160	38692
17366	33648
19438	28138
26548	27676
22621	29878
25525	39474
22262	34151
15212	27818
18081	30896
20181	27793
19367	37688
26357	39566
15261	29618
25294	37667
15057	32847
26185	34668
19522	38775
24221	37953
24858	29531
21897	32815
27248	33443
22013	27626
20021	39458
16380	36448
24373	36012
24421	34750
18114	32595
20639	32614
23000	33554
16044	28887
17379	33065
20905	32164
21502	32455
15259	36551
23461	35009
26023	38472
25633	35704
25176	38904
23376	35940
21572	38961
21716	31652
19791	31450
20981	35851
22874	34779
15093	32793
19861	31643
15675	27409
22453	35394
19180	35850
15424	36395
15036	33505
21880	34586
23717	31891
20761	28177
15277	38590
22833	32950
26673	37305
18916	37932
19917	35352
15146	32450
22654	38313
16351	39576
19595	39153
25822	37707
18431	29332
16830	38527
18785	37365
25956	38660
25089	29903
20398	30120
24266	31119
15062	36825
16093	35135
19516	30234
18404	38315
18010	33080
26668	29413
17808	37832
23865	38215
19319	36246
19756	38770
20357	32913
17982	36172
22861	35068
20162	31196
17431	37064
17747	36740
27250	33770
24049	37620
18140	39116
21638	38888
20695	30707
22296	35212
17222	37200
23722	36947
19317	37704
21970	32519
25622	31078
19347	30481
16628	30015
27025	38034
16062	33792
19600	29195
18377	35932
16278	38038
20595	33047
20508	34847
25065	38908
21407	37478
15253	33530
25502	39249
24257	38072
21670	33064
18132	29401
20614	37459
23372	28169
22158	27699
17070	32908
27123	36558
19485	28384
23665	29096
18001	35366
25160	34941
22334	27547
26046	35390
21070	32927
26419	34650
19925	28713
24214	32533
26583	28294
21235	37009
23117	28851
17115	27395
27018	29461
18961	39455
17329	27379
17798	36264
19733	29629
24334	35346
22573	36350
18046	35418
26917	36873
21200	32970
26612	39230
15229	30585
24577	34357
20971	39137
24738	27865
23698	31800
27206	28826
20052	31346
17703	30692
22959	38119
23621	34533
19488	37162
17215	31868
20545	39498
18815	28492
21674	38959
19175	34479
22442	37097
23296	39485
17095	31477
16905	35232
18062	35778
24332	38786
15720	30346
20352	36932
24760	38537
16872	33779
22220	32447
21179	27406
23941	39157
24503	36933
23638	36275
15351	38458
17633	37272
19988	36483
19420	30778
20119	36170
23293	39105
25593	36423
19424	39373
19942	29632
20774	28443
17168	29539
16491	28289
24135	31977
23800	32527
24163	32454
15463	30799
20609	32835
17743	37778
24377	28817
23940	33843
20659	29266
25634	31215
22706	37973
15152	27769
15517	29989
26649	39040
23088	30743
17106	32115
24653	39171
17131	31416
16867	32808
18067	33277
18738	27667
16124	32280
26725	38765
19065	36171
21693	32617
27121	37791
15618	33866
22268	29083
16001	34909
22506	33923
18412	35624
18422	30744
20196	39351
24351	27770
15793	31579
15480	33085
23302	32463
21402	39330
21292	34866
26223	35854
19437	34090
25332	35242
25629	38850
19222	27964
22269	39432
25456	32641
17065	28246
18396	36167
16178	34095
26363	28339
22146	37528
17400	27957
22335	33431
17837	28233
15805	28804
21327	32843
20032	32753
23255	36352
22500	37317
15462	35480
15841	36470
16315	29587
16586	34861
17414	30006
15939	32550
27053	30358
19410	27921
17410	31908
26541	32923
21600	30615
19117	34563
25851	32430
21209	30974
26308	35531
18447	32088
15955	35909
15230	28748
20901	31458
22129	31017
26796	32777
24851	32460
25409	27757
19833	38515
25937	30013
22332	27345
17394	32176
22252	37934
16074	33661
15187	31190
26344	36701
16308	30421
27190	33056
23004	31342
19963	37626
18692	34620
20874	36123
17781	33978
15862	33830
19419	34467
22811	30867
18599	36622
24085	29334
24113	33044
24648	37767
20161	31021
16238	30886
17315	27947
19870	27828
16568	29866
20764	37468
17324	33669
17852	35677
22962	36185
18491	28957
17289	37709
22626	31594
18330	32872
16194	30414
21378	28153
26398	28827
26866	36333
20290	28455
27244	39502
26112	31866
24004	36559
26806	37356
15915	35006
19728	34787
16038	27485
26976	31935
20792	28340
19536	36017
16005	32574
15293	30143
16170	34254
26937	39445
26616	27836
17592	32741
25758	33444
19689	37370
16893	28528
26695	32307
16368	28630
16914	39129
16557	29239
17945	32705
20700	29620
24002	35855
25623	37555
15075	32875
27141	35452
15233	31657
15816	34073
20461	30056
20373	27439
26854	36143
18745	28405
17257	33834
25333	29885
17103	34846
22136	31254
25672	34495
21682	33173
17923	28445
24255	34314
24697	31203
23806	36114
23303	33473
21024	38784
20163	35049
15010	36774
19207	37610
18959	36749
23082	29892
25102	39484
16169	33375
16655	28292
19450	38124
26209	27792
22388	30920
20974	34566
25438	31871
16574	38354
22496	37520
23647	29819
24339	34451
16795	33853
20806	32035
22260	35265
19436	34056
22413	34554
23570	34037
20710	38356
23374	33961
20924	34309
25279	28879
24413	28450
27144	33973
18493	27468
19599	38852
21956	36471
26127	35924
19105	32912
24131	32965
19947	36402
22612	30574
25352	35284
23623	31879
23966	34235
21973	27786
21101	38740
25960	29951
15354	38367
24230	33676
24966	34373
17537	32162
22547	35349
26893	30502
26549	38763
22582	36268
27074	29772
16431	35954
17035	30923
23695	35741
17427	31743
17028	32313
21563	32644
24827	32564
21678	31846
24542	38841
26835	28650
25076	33663
16121	27452
25384	32746
26886	29440
22195	28536
23501	33563
15432	35829
26346	29555
23026	38869
20928	36371
27271	31348
16973	28750
18038	31117
15359	37617
21185	30198
18855	38304
21341	30064
22207	36966
21427	34002
20770	32235
26118	35184
20610	28083
25911	39298
16012	37443
16123	36631
22889	36001
20178	37279
18724	29683
27000	32406
16519	36305
22256	35209
15134	31545
21488	32358
18889	34423
25185	28530
17725	29304
22647	38058
22096	35312
20428	35607
23931	35376
22644	29263
19373	30682
21444	38871
22493	29512
16422	32511
21745	32412
23379	28768
21625	37138
22806	39316
26299	39182
17152	30147
18225	34933
16363	37598
16373	37513
15122	39161
24593	31152
22875	29186
25566	38227
23439	28692
16321	33129
24109	35879
22444	32739
17187	28342
26559	33109
22529	29258
24103	30382
16637	39487
25223	36970
23982	30513
16829	29636
24618	34096
21094	30686
24898	28582
17937	29678
21737	34181
20029	37117
26379	36645
21639	33963
23773	34099
19649	30073
18426	36904
21647	32582
18357	39119
22942	35905
22671	34065
16646	36168
16348	36008
17851	33652
15056	32083
19171	29919
15301	38946
21764	32747
23799	32869
26482	39059
23711	32208
23933	27427
25120	30158
16651	34110
21162	30134
23818	37733
17370	35763
24719	30050
22789	30600
25297	30602
27089	33919
19841	34171
26536	33840
23390	37492
18304	35230
20684	28215
22042	29375
17797	28843
16648	31949
18832	35026
27055	28493
17648	36699
18098	33207
15750	33239
24242	37558
16513	37512
20299	32401
21562	29358
22356	33011
18958	33785
20739	38274
21374	34860
15837	30830
18687	30940
16230	34330
25038	33022
26131	29382
25526	27367
16998	38335
25709	29398
20198	30000
24485	31677
19212	29451
21995	27761
22029	30995
18541	35269
17245	36892
23831	38489
15950	30226
23411	28112
20867	29080
27215	35074
19941	39122
24386	34239
25522	32123
23361	33150
18676	34865
18563	34063
20636	37141
16295	34639
25831	34709
22214	35831
25732	33888
26650	28409
23872	30331
18826	29434
16605	29794
24078	31127
24018	28573
22399	33802
20247	39577
19125	35413
25926	27816
21035	36844
20950	39103
20441	29072
23146	30680
22898	27723
18477	34741
16010	36496
22538	29472
16014	30338
24073	38993
26322	31180
16221	36208
20680	33354
23743	28441
25260	31451
18077	39095
26726	31385
22859	29897
19428	27511
16046	38047
18474	36019
16232	36829
18296	37553
16686	38324
20598	37051
20429	30825
26840	27844
25444	29161
22693	39183
21736	30854
24586	36600
27049	32376
17862	36790
26490	30956
21843	27570
19506	28260
20744	27752
26104	37166
22342	34372
18977	36379
19803	38790
18873	35302
15399	35456
24446	35608
26517	32791
18526	28036
22179	38941
22130	39457
22689	30387
25736	37638
26343	28259
22258	34656
15613	30109
26469	38261
17942	35567
26303	37873
26578	35333
23678	35425
26224	37100
17428	31393
19928	27750
19489	35655
25796	35865
19755	35939
15502	32776
21920	32146
16482	37880
17716	33942
18521	32955
15506	38127
15870	30540
24182	36694
16181	30823
26933	38380
20444	36944
22920	30612
19102	37854
16113	30848
21220	29991
22274	36592
21952	30800
26013	31861
22873	33316
22973	28639
15984	30019
26384	37058
18005	30616
27212	28298
20204	27806
26531	37230
15060	30174
21030	34266
26500	33043
17050	30471
20654	34519
20731	38054
20408	34948
24882	30812
27282	29144
25565	30885
16042	27380
23916	32811
19281	39033
22361	32055
21839	29134
23365	35811
17922	28412
19084	38971
16630	28889
23031	38889
20007	28218
19507	38542
17915	37749
19462	33507
22708	28705
23571	37929
25990	28980
19090	34360
19794	35595
16429	32204
20893	27497
18972	31745
20211	34844
18230	32094
20755	29862
19036	27721
15112	33662
21951	28930
16769	37434
26657	33757
18451	27524
26557	36302
22515	36515
26872	39159
18641	28620
15723	35670
17687	28932
17153	37939
20093	33229
18565	27924
24402	35051
16875	39286
22383	28947
20616	32245
20407	36225
19587	32551
23081	38796
21363	39072
26956	30020
21064	33753
24315	28064
17420	37357
15458	32290
18109	29143
23258	37669
23589	33684
16714	32367
24469	34515
22241	35207
23114	35323
24192	38559
16659	30650
20180	36924
16808	37423
22705	37627
21135	38283
17572	29249
19562	34307
19738	31426
21104	37264
23892	32838
22972	29980
19088	38703
23541	34305
21005	28825
21180	38749
15564	35447
24875	32637
24940	38309
19664	28027
27264	29129
15137	31172
17564	35106
18546	33739
23270	38912
23859	27754
21516	36569
18882	34947
24521	36606
20879	35067
25486	38672
23960	33931
20826	31990
26838	38172
23819	36971
25434	27631
23635	33787
24507	29106
16746	35065
18658	34359
19617	31616
21110	32266
27119	30647
26076	27805
20150	36703
15718	30627
21592	31067
15924	36295
15561	29870
15927	37093
22081	30992
19328	35324
15388	32677
20757	35946
24514	32575
20551	28317
24099	29671
26499	29703
27269	30364
16048	36567
26261	27597
17480	39222
17164	30917
21391	37215
18506	29542
16695	27542
17724	31466
17158	28330
16790	30747
19110	29378
18475	27605
26596	34814
18234	39140
15558	33980
16621	33645
20086	37251
23353	32428
25337	28621
22259	28524
18390	35306
18522	38446
19702	36210
17117	31129
15442	28517
18157	30443
21293	38956
24499	33189
23028	35132
24810	28425
19541	29800
19760	30729
24634	34252
25402	39326
16853	35807
22577	29027
25988	27748
27066	32772
25441	27433
17389	33181
21859	34791
18598	33938
20220	31972
18653	28475
19232	38230
26438	34531
24800	32281
18940	37751
15857	30629
16835	33267
25910	34460
21602	33877
22419	30133
20912	29534
23650	35502
24321	39266
22887	39558
16779	29116
24678	35321
21456	27717
16166	37755
25696	31593
20966	27672
23912	27608
23761	33832
18722	39426
25165	29436
22910	37330
21262	29260
18464	34708
19953	35856
25385	34058
23944	27533
25217	31168
18623	29189
15572	35565
15923	32034
19331	35299
23191	36278
20624	35318
25270	34094
26132	33059
24277	30677
26705	32148
16548	32826
25359	31984
24925	36429
16458	37460
20837	39364
23438	28999
17359	35382
15554	37457
17211	28721
15401	32768
20338	35510
25920	29807
15527	30548
19815	38693
24354	37133
19409	34209
19999	28314
23590	28763
19049	27953
16927	39076
16107	28247
17417	31685
25930	38874
22797	37666
25590	28321
21524	29595
19282	35834
26288	29383
20805	30085
16486	29645
15358	33346
24731	34900
25371	29681
19210	30299
23968	29236
20020	31693
17061	37538
15548	29365
16366	34230
26544	31266
21536	35431
26315	35529
24753	27704
21171	29181
17695	38392
25895	33475
20521	32043
18242	37318
21459	29994
23840	39231
26255	33455
20870	28130
26789	32733
21964	32198
24301	33273
20448	32687
15269	36358
22709	34104
25435	39228
24420	38223
24767	38349
24276	35858
17526	39461
15516	37367
20898	27707
24918	34340
22432	28754
24869	38632
26907	32028
24108	33000
26215	38607
25537	29655
18220	36418
20116	39162
20336	35866
16483	28028
23758	27825
25024	37892
19978	32343
16944	27349
25900	33052
26543	34945
20677	37386
19022	32195
26948	33634
18830	38986
22131	31361
25951	32155
23661	32842
23816	28352
24206	38623
23911	35922
16660	33469
17912	32534
18323	28967
23466	32709
16268	34114
19893	36686
26007	34660
16631	33679
24022	29316
25187	31980
19019	39075
26899	37094
21989	35490
25136	39590
22198	37256
27090	39401
16551	37372
24819	37718
19660	31445
15898	39420
20132	37424
19718	33037
15990	36770
18363	29152
21423	29217
23410	28614
22552	29019
23337	39073
18353	36910
23416	28337
27277	31320
24554	36322
25021	29609
21854	30581
24452	37442
25554	36727
23834	30511
24337	31223
22661	34236
16775	33541
25805	36714
19338	27625
26767	29223
23460	30861
26636	32885
19848	28470
22652	33404
24080	36835
23507	31108
24021	37884
27268	31904
15615	31558
16538	33800
22590	27432
24231	34067
26676	31506
19574	27773
17623	34878
19230	35631
23227	35111
26546	32589
24295	36743
22691	35329
16096	37229
27155	30797
21978	30609
26494	36688
24724	35902
20753	30524
26864	38514
22275	30390
22316	29676
15189	33683
15961	37823
20724	28722
15303	29418
18166	34470
19167	36234
26506	31281
22739	38039
26434	36176
24302	35898
15274	34053
23511	35228
16727	38051
23220	31355
22097	39112
25201	36136
24477	33749
17356	34869
22870	37016
24652	29748
22786	35716
19726	29910
26333	29496
23913	28180
26562	36491
17320	32113
22303	36416
21932	29023
26236	35863
17108	27988
24322	36181
23470	37415
20317	36100
16963	37941
16331	30750
20495	30042
24347	29756
16771	31646
16527	35076
27312	37654
19429	38494
18814	33124
27195	36387
16852	38440
18930	32507
15769	27872
26833	35249
19637	28852
21539	38713
22407	31238
22281	38706
19748	33865
19002	37010
24643	39333
16209	32409
18668	37131
23652	29074
16157	35562
18606	35596
18793	27502
16173	31998
20929	33474
24620	27711
20379	36514
18636	30052
15621	38076
23653	35163
18456	33063
19137	30252
27061	37877
21925	36060
26813	36554
15611	37116
21817	31808
18066	32744
21593	38644
15493	32053
15467	29680
15876	34324
15826	30407
18087	37281
17290	33036
19235	32106
16118	32802
25470	39570
15287	29034
24128	29500
25400	32805
25942	30345
23519	39483
20225	34504
22186	38651
20056	28403
18319	33589
15691	35305
16020	29522
15757	34146
20327	29278
24324	31347
26404	37902
16925	30070
21649	30610
18300	32271
21143	37571
22318	39422
24809	36618
22878	30155
27146	30417
18957	39451
21306	36754
22863	27376
26097	31692
20573	29861
25606	36481
22662	29495
22728	38088
20230	36380
18135	29983
17823	27641
23658	39211
19422	28626
19221	34444
17083	30101
21643	30098
20951	38714
20767	37086
16078	28146
27051	34093
20238	34398
19334	38187
23976	34832
24165	32246
17879	28088
15928	36030
22305	28323
25061	31184
16636	34562
23926	30300
16328	29452
17566	32047
25186	39012
17741	29410
15953	31975
16715	32874
23524	38540
15725	35055
25239	28469
18458	37818
25342	30818
25168	37876
21786	36653
25305	29028
25083	35526
24895	29274
17666	37968
17939	33777
27258	38329
27182	33603
24194	31775
17637	32183
26812	29071
24963	35245
19076	34170
25684	36804
21609	38311
16560	27987
17185	35978
24897	29558
24267	39289
19603	34793
21840	39509
22402	31349
20097	38465
16063	33687
15319	39083
18400	38244
21851	38737
20385	34901
23047	29789
26553	29485
20457	33479
25112	34353
17170	35278
18428	32730
16034	27469
15599	29427
26898	33025
18235	34569
22360	35000
17448	36827
16888	31449
21401	34127
27106	33464
20719	30191
25812	35175
24075	28606
19028	39348
15392	37943
18276	33615
16445	34961
19891	30990
21484	37839
20883	28590
24568	28946
23954	34177
26759	37159
20378	34918
22443	37014
16967	38769
23520	30873
17338	28490
25413	29790
18609	31191
16801	30712
15758	35881
21085	36092
26658	31476
24081	35126
26925	35995
26746	38150
19189	30837
26200	38337
27255	31939
21380	34273
20080	36007
25419	30283
23692	38900
15140	35077
22022	37741
26279	38068
15875	28271
26009	29412
23069	38528
15387	29265
24375	30473
26409	32525
18868	31425
17620	36813
25104	39176
19659	31986
24964	32999
23614	32031
22307	31748
15305	32700
15787	39196
25069	37032
21147	36906
15712	37321
17919	32778
15716	37624
27210	33287
15731	35528
20252	28919
26495	31953
24407	36363
26237	32097
26188	37068
15372	29474
24850	34713
15959	27411
17917	30618
17905	28414
24928	38830
19154	36195
21580	37521
16199	33295
22827	34431
16811	30370
25688	29982
26775	34150
18884	31874
18651	28102
19454	32735
17946	32419
18800	36815
21463	30915
20354	33215
24216	34463
19641	37346
23003	37306
20200	30749
20131	29125
16391	32523
25229	27639
22414	34958
22205	29192
22651	29810
17722	33132
18591	29503
22190	31852
18578	30304
24280	27952
16930	28334
20847	34036
24105	29850
22914	36400
26968	36091
23955	30543
22781	28776
21522	30918
23555	29040
22871	27718
23101	38760
22518	32897
20619	38255
22758	39399
24817	33925
16920	31211
17457	29856
22289	33021
25310	35707
23762	30148
16339	31516
26996	38568
16585	38453
22261	35593
16848	37027
26365	27764
17932	37181
27058	33290
15771	27896
16562	27482
23737	38792
17678	39523
25985	30986
19401	27632
15573	37894
20383	37139
17127	30783
19547	33827
21255	35100
16658	32899
22246	29292
16258	29196
24911	34234
25348	38220
24050	31651
20577	37542
15251	34308
26847	38020
22075	34343
25057	31065
21760	29273
15889	37171
24012	31383
15960	35484
22897	32764
16440	28522
15604	32814
26431	34671
18941	29351
15530	32801
18286	31513
23467	35166
23855	32321
16484	39534
15996	29630
16873	32076
23900	29520
23139	32924
15568	33908
20561	39324
20780	29662
17146	30980
18734	33747
15977	36788
26755	36795
18712	29231
18156	29846
22981	36036
22124	28351
16019	35353
23474	35609
22223	33847
23577	36583
25345	32275
17561	36615
15100	32858
19469	35785
17013	38798
25254	37406
22943	38229
26296	39363
20075	35237
26655	27888
24220	38393
27100	38639
20581	31376
17800	38193
17349	34009
18856	37680
15263	31999
19851	36807
21289	31420
19211	39343
25500	37917
17466	34159
17426	28396
20084	30753
15684	37271
18739	29356
25290	29635
24104	32325
25849	30214
17294	31659
18151	37983
23387	29726
20430	31671
21479	37872
23298	29939
22142	37440
23126	27855
18128	34325
23680	33216
19215	32477
22933	34499
21507	37082
16466	39385
26156	36698
25859	31136
15844	29677
27005	29874
22126	32608
18261	32216
20212	38548
22992	28735
22849	32587
23515	34148
24376	30777
19425	33833
21882	39367
27075	29721
20541	28501
24241	36841
25846	30587
26834	38697
15706	28975
15323	32628
15033	39328
18259	32058
20071	37625
22967	29532
16968	33580
17557	38992
19767	39215
17316	37413
26764	29538
23190	30792
17313	37414
17304	32393
25226	33152
25288	33147
23600	28854
16497	28963
18189	28989
15700	33195
17250	34083
21641	27549
22934	27498
18996	37840
20251	35894
23606	39482
27013	38932
15163	37292
18232	33175
16059	35551
17072	35151
18554	39381
18669	33999
25043	30740
23827	31985
15647	39429
26126	29087
15043	36607
19806	33421
24807	31356
22489	29309
20674	34473
16270	31166
20249	30168
20988	31343
18371	33538
16479	33242
15039	28853
18816	39349
24860	34548
20969	30781
26378	35578
17791	38473
24529	31408
24904	30696
20972	30296
18590	38522
19339	38366
26241	38096
27209	34606
23822	30771
23825	32774
16710	39100
26080	37653
16728	39273
17210	33844
16821	29924
20596	39575
17971	38412
15643	36602
15104	28437
21633	30451
18466	28167
20840	28869
22905	35082
24742	28155
25957	35483
26879	32832
15773	38594
18756	36501
22172	27361
25237	31370
15314	33440
15726	35061
16415	38281
27232	34048
15565	35616
26853	37039
21150	27895
15815	31881
15471	35802
16980	35937
17796	37269
26487	35743
16617	27333
20447	35020
22534	30088
25140	39311
17676	30532
15210	33588
19233	38310
17007	37762
23259	34904
21941	33089
15487	35827
21824	32929
16816	29326
15368	27651
26257	30779
26311	27523
23488	28568
27083	30130
20633	37498
16712	28430
19535	27573
19400	35157
22469	37323
23422	32627
23412	35406
21176	38564
17487	28623
22514	32553
22337	32147
15838	31374
26341	36099
17552	37549
21352	35045
25936	30449
21723	31018
19907	31297
22687	36252
24200	31291
25982	36277
18376	38116
22554	36993
25659	35264
21462	34754
20884	28667
25802	27945
21606	38653
27040	37067
19403	33417
21403	28739
18068	33304
17694	37290
16575	30786
19107	31059
26262	28720
26716	34525
23348	32483
15411	29371
23036	37088
21585	37613
19253	29675
17255	34746
16223	31885
21734	36066
26929	34897
26220	35261
21224	35550
19778	27637
20572	34338
17822	33057
24048	30784
25613	37255
25188	37483
20533	32954
20185	33369
21512	30271
21128	30671
21815	36061
15084	36169
17763	37518
15690	36437
25994	38005
19399	33107
26552	30239
18184	38507
24575	39313
18928	30517
19296	37261
15634	37773
22455	33969
22666	29521
17173	34192
27261	32871
18716	34414
21544	36075
19802	37535
16781	31847
20940	30128
22067	30572
27222	32823
17201	27880
18082	39308
25743	35686
23551	33053
19170	28263
15781	28039
22536	35708
25987	28147
15941	29695
26194	36833
19965	39496
26001	37869
18760	35036
21228	27929
18715	36116
17226	36378
21097	35559
19380	30284
15963	35878
17874	28061
15832	34728
23224	32086
21546	34486
22263	34703
16346	32056
19822	39493
18973	31526
21926	28934
22509	34335
23050	31563
18383	38468
25769	29855
15088	30909
22118	29173
26609	30554
17432	38078
22904	29376
20585	35277
19744	35035
19146	30829
19929	32743
21063	32653
24666	31496
16037	31182
23414	38544
24692	38180
26354	35569
20042	38429
26208	27919
24771	28020
16421	27730
21040	33004
22422	34621
15302	36320
20208	36458
24084	30656
24069	39048
18689	32471
22050	30826
27059	36884
16371	34206
15982	27691
16624	29297
24132	32218
24651	31571
19715	30472
21637	29327
23409	29171
15217	34122
18050	30727
15244	37794
18706	32069
15810	30335
23008	38957
25693	39185
24605	32263
24623	36372
25809	28024
26550	34481
20278	34289
20795	31618
23054	37246
26201	29137
16182	32014
15798	32092
19501	37998
17817	30803
22312	39111
18124	32459
21201	33819
21793	34604
15513	31278
26511	29167
23022	38307
18356	36654
15374	28115
19427	37647
23573	28550
21034	28290
19919	36476
26904	28078
17322	30431
18758	29449
16676	36345
26530	38631
20314	30156
20255	39248
20074	38633
27279	35031
22431	28666
21787	31381
17337	35117
18682	32645
21021	27366
22719	38725
21676	39109
25485	38999
21707	33066
17906	35235
15520	27775
21986	31503
15115	30027
21016	33023
24700	35420
18500	33105
25037	36024
20289	28988
21564	38998
21917	32504
18392	39470
24627	34906
16850	32945
23277	28402
23505	33754
22498	38053
17521	27477
18439	31929
20961	36474
23841	31367
18925	39107
21304	37435
23958	38343
17679	34432
21078	37454
23079	37599
19066	38689
15936	29920
25677	32038
21068	35671
22324	38678
20665	29107
26731	36083
18127	37959
17397	31811
17888	35886
18863	36317
23759	31198
26837	27476
23655	35348
17867	30038
19492	35164
22941	34817
19272	32877
25151	37990
25245	32528
21396	27602
18986	29999
25243	31396
20006	38919
15262	31753
25919	35291
21867	27993
24805	36388
18888	39524
16148	39278
16992	38410
18670	31525
16341	32846
24285	36659
24349	34188
15656	30111
24016	31276
16135	36990
23580	35011
21971	29062
17642	38613
17713	39007
26876	29780
20564	27507
19874	29734
21708	38162
20138	32920
25852	33707
15900	34877
20550	27840
26066	35220
20735	37957
18268	32723
18592	38136
25797	34707
18320	30215
15623	29308
25015	33976
18874	31798
26280	29006
16717	36223
18674	34851
18567	29686
24740	28549
15375	39236
24913	31882
26830	30621
16088	27833
23354	35949
23464	29644
22710	34137
26372	29213
23243	32117
23034	32142
19796	27517
25870	39084
21451	27673
19269	36462
19415	34788
16572	35250
23398	33786
16583	32061
17988	30157
17470	36020
17236	29607
21819	33681
23579	33945
26887	34214
17914	34388
19103	28773
24852	37369
18912	27799
25550	27834
21483	32643
21103	31831
26403	32302
26338	28053
21837	33313
18070	33389
18218	27373
19592	28283
21721	33115
25428	29833
16464	27638
18212	35887
21112	31582
25729	35780
17803	29875
25461	33553
26926	29890
19561	35868
24110	27448
23787	34339
18131	36495
17748	34482
18923	30294
20319	32857
17824	34834
24927	39581
22471	37663
27063	36952
24944	38500
18084	34440
19674	35511
18946	36177
21725	38862
25637	36235
18906	28832
23740	28054
26312	32324
26651	33612
21831	27737
16654	33922
22224	30164
23995	35110
20658	33303
23403	31317
22744	38903
20590	36488
22166	33009
20754	31855
20943	32603
24091	38682
24632	37795
21699	28145
26415	31636
21619	38860
15116	28056
18931	31932
26125	31817
23907	27531
17225	33576
24028	32760
17175	32997
17486	35753
15714	35008
17033	35238
23130	27751
23842	29341
20129	27677
19382	31823
25299	29796
19025	35193
20027	34802
25480	29364
26238	35038
21182	34990
17755	37965
16785	34701
22576	36601
21054	27357
15763	36643
20527	39416
23215	35890
16839	36604
16035	37046
27069	28014
16463	30292
19039	36505
26466	37728
26730	32651
19549	38301
17515	34870
21526	34968
19239	35377
16724	30935
15944	33543
20412	38822
23594	35233
25830	28533
20164	39419
17091	37618
16932	28765
26093	28116
24914	31767
17846	38080
20783	36335
15991	31608
21896	33192
26429	30181
17419	32370
19124	35213
20785	33911
24683	31712
15406	36266
24538	29912
26512	30840
18488	37322
17901	35944
19671	35669
19356	37668
18407	35765
21480	39202
18970	28684
25340	29275
18613	27989
27017	35034
21589	32578
27307	32571
21675	34792
19799	30245
22799	34303
20678	31976
24762	28728
21849	31436
24212	35675
21795	31023
25555	30411
22076	36446
24939	37258
24183	36875
25272	29669
17643	34535
24387	34557
20344	27917
18675	37997
18264	37295
20520	32540
22729	35626
15574	38936
23210	29570
26383	33587
18366	38322
25842	30065
23797	30068
17476	28214
23538	36365
15332	30049
17693	38092
18434	38974
26878	32803
26136	36450
16457	27809
19275	36466
21794	33522
25403	37126
21077	39553
25572	35427
15752	38277
23218	33319
21686	30501
26426	36126
26951	34455
16996	37999
15603	38700
27156	36865
20850	35980
15279	38835
15133	37633
18595	34721
17147	33364
15665	32374
17936	32166
26375	34705
22201	31583
25974	30254
21019	38100
26071	36717
24417	34954
20646	29647
21188	28300
22608	32429
15101	34168
22567	31958
21365	29154
17401	34396
23127	32563
16797	31085
21700	33441
21195	32316
24718	29724
26489	37578
18358	27613
23508	31612
25654	31540
17343	31683
25203	29393
27047	30084
27207	27812
20484	34755
27247	28439
17690	31446
21715	30107
20927	33872
20949	36452
17944	36144
19412	27601
27082	38856
22149	39045
19077	31457
25673	31142
26400	34007
23904	37118
16498	37396
18290	31699
19149	39459
16015	36261
21237	37658
21194	39212
20235	28917
27162	37381
26345	35727
18443	31686
26110	30233
23494	30001
25601	38587
16227	37193
16500	31222
16851	37723
18922	34984
15308	38355
22486	35075
23369	31697
24191	30984
18088	30209
21729	38339
16465	34238
20293	28974
21982	36800
23418	36090
15433	29942
22003	31731
22371	28807
24933	37096
24036	34102
17075	35534
18016	32568
15197	32521
23608	28301
20842	38532
15779	29290
16159	32084
23106	33829
22989	35906
17293	35354
21548	28401
24458	36276
15490	31104
20386	32881
25283	31379
26478	31813
25871	34193
21492	37672
21080	31737
21385	27689
15363	36553
18148	33079
25858	32408
19967	39190
20549	35849
15641	32024
26454	30139
23789	33772
19312	28951
19057	34106
18233	28110
20617	34268
21353	37753
22976	31926
22113	28760
23238	29798
24922	27650
22724	36983
21984	32444
21886	28863
20267	31465
19514	28236
20890	29330
17963	27374
27183	37798
18129	36270
21470	32948
21099	32593
23973	36199
26927	29372
21389	32867
24736	36941
27298	38779
18079	36233
19960	32105
21832	28137
25195	35056
26172	32888
21249	32080
20268	30588
21149	27645
23058	34438
15154	32694
27067	39096
25361	29241
18746	32624
20117	32369
20391	29140
25864	28104
22909	32254
18398	29660
25804	28790
25046	31034
22886	38952
22602	35492
26585	36934
21823	33526
17692	37991
24011	38044
20432	34427
22530	28559
27076	34626
22194	36086
15519	34731
26984	36369
22364	27725
26715	33274
22238	37451
25309	31987
18822	32985
23814	38791
25127	38776
19173	39336
16716	27693
21358	33947
24674	37079
17921	37546
19911	28113
21121	38861
18817	30322
18976	37639
24528	35600
25009	32706
15183	27736
17870	36221
23890	27973
18525	28105
15523	39255
18600	36386
18384	28923
23504	37465
26709	34635
17026	28753
19698	30932
18381	35160
22940	33435
15699	36852
19197	29015
25312	33721
17956	39377
25389	34810
23373	34248
26138	31919
23846	29369
15219	38250
17046	38658
25214	36533
24562	28063
24372	37209
25969	35071
22082	32822
17977	38602
25656	34751
19451	32488
19696	35852
19666	39387
19824	34216
20499	32015
19234	35015
15540	39301
16672	28984
16354	33307
21961	32394
24517	27915
21869	30802
25921	35316
24188	31490
25827	36214
24102	38443
24284	39164
23943	36306
20613	38751
20807	32600
22064	30288
25617	35612
17646	30816
15367	32581
23121	31208
20201	33818
26242	28062
16691	35833
22937	36799
19653	27338
17801	28875
26766	30688
18608	31783
19618	33139
19363	32036
26794	34082
15531	31158
21017	31629
22594	30163
15128	27393
22425	29754
16602	30510
18334	32395
24937	34667
26161	34631
21398	29046
27038	33092
18452	35024
23176	33660
24116	37497
19033	29492
24984	28144
22204	35822
17452	29679
16707	31779
27306	34638
22929	32180
15794	32784
23015	33494
19157	39143
20664	30374
20374	34054
27035	37303
20170	36021
18753	33590
16311	35706
26340	34030
23202	31703
23150	33486
26441	39579
26529	39125
26186	27541
26777	32781
18540	34911
19855	37529
18170	32930
22218	35871
21510	34354
15021	33344
15290	39568
20043	32091
25453	39337
19669	31333
26660	33097
22598	33737
17544	32896
24934	36579
16966	32932
15148	35270
24157	37018
15397	36848
24688	30815
17406	37221
19862	33955
23451	35162
17347	33289
15802	28624
17660	29478
15394	30274
18111	38702
16745	35893
18971	36881
18714	28299
25865	29484
18672	32850
15345	38608
21947	34760
21796	39583
17195	34466
20709	33595
19227	33186
18677	34559
25610	34068
20002	27868
20067	29568
25282	34070
20592	29065
23276	35696
25896	37665
21711	36708
27039	38802
19712	29166
17218	31387
15209	32979
15321	38256
24195	29014
23710	34673
22163	38398
23990	38510
24218	37783
24320	39355
16684	31427
27288	36821
27120	28792
15494	27931
19589	36022
25007	35458
18073	31157
22632	28090
17415	34966
17328	38499
16692	37336
18695	31252
19000	32167
19747	32854
24607	38297
15352	29743
19552	29456
24333	32424
25198	35539
26610	30131
25826	33398
15701	36098
21885	37931
25520	28258
20845	39371
17484	30878
25963	37567
26626	28346
22784	38242
18278	33992
26985	30852
17954	27985
23854	27634
15371	35311
16901	35650
20223	28382
18191	39428
25777	38659
15617	33828
22983	34512
17144	38716
27293	31224
18767	38101
16446	28609
19045	30737
17513	39555
23005	32380
23757	32882
25938	28777
23632	38844
26173	32514
22546	33884
15891	29442
25035	38353
27294	27881
24044	35325
26504	28718
17082	30409
20147	28100
24563	36382
20666	35523
17473	34125
21520	34050
15598	28554
23492	35563
20397	31027
19003	28364
24379	37223
23029	34664
18040	32342
26264	29113
19477	27738
17854	38567
17363	28434
24259	28148
24945	35965
18438	34841
22559	27977
18740	36648
24097	34001
24853	28822
22725	38295
24077	32680
27225	33275
24780	36899
18809	27640
27092	37570
17045	36343
23018	28992
18284	31205
24394	34390
21439	36733
24500	38996
18311	36082
22191	34129
16906	33058
21541	39005
15479	38646
25627	28021
24115	31209
15528	32268
24677	33091
15353	33984
22777	27566
17887	33957
22463	29526
16751	35216
20534	32662
22696	39195
24803	27783
15045	28286
15341	28892
15289	35810
26320	38384
25464	32542
24583	34799
26595	30596
24123	36817
17279	34163
23336	35204
23783	31960
21376	38715
22032	34578
19350	31244
24569	35173
17842	32356
17069	28375
19559	34691
25476	36580
21432	29847
22349	29841
18423	36265
26920	35217
20246	28256
15945	37814
26534	34195
27073	38720
24203	28261
18611	39261
27128	36542
25252	38298
23620	31075
16753	38459
21960	31041
19532	30432
16441	28958
17341	35614
24278	36724
17377	39130
23896	31312
21635	30433
15125	37353
20597	38362
15453	39591
27102	33575
24106	38331
21620	37077
22714	35989
20535	38710
27139	27362
25927	36793
24597	30801
21783	27832
16698	34976
25103	33546
24903	31274
17303	34153
15331	29530
22143	36683
25595	27490
24488	31576
16119	32432
15173	35370
19499	35066
15156	38780
22039	35688
26620	31097
25652	31395
19393	27603
22079	37212
16529	29962
22769	33696
25824	36299
20591	36059
16755	32081
21415	37541
26077	34772
26978	37889
21861	38425
17243	37004
23159	34386
18459	36741
19204	27384
16530	29957
16385	29941
15006	33235
26449	37106
15106	34255
15905	28366
19730	32192
24323	37984
15311	34066
23250	37380
26142	30007
17502	32169
22516	33422
18061	32925
21043	33972
17453	29909
25175	31282
20494	30180
20740	37244
21921	29594
18265	34641
27284	34763
16191	34196
21660	29505
16958	35521
25447	29975
25031	28380
22641	34428
17203	35116
22900	34227
26475	37084
24602	32257
25008	36503
26836	33259
21086	36093
22103	39481
26515	28701
23173	35267
18442	39443
21204	34232
23824	27782
23672	37392
20996	36834
15751	30613
22771	34202
20810	31326
24958	30080
18511	28756
22052	38287
24946	30175
20772	35097
19944	38795
26524	37107
21297	38386
23956	37750
18372	36776
26742	31913
24474	29774
17132	29103
22394	32248
24884	27901
19257	30359
23294	34823
15828	34636
26807	36687
24722	31003
19187	31369
15018	30159
18130	37925
15066	39002
21048	37195
25121	30048
20335	34855
26105	29599
20856	28227
22928	27404
22046	31494
20177	37552
26464	29571
26675	38931
17385	33137
22152	38151
19081	29480
22400	31557
19613	34026
15638	38290
27098	29604
16395	31195
17390	32517
25761	35487
26624	28494
16327	35365
17104	34154
19433	34618
17165	32669
27296	39147
19490	27909
17985	29672
19959	35680
23942	36025
24272	34570
16814	28737
21010	27720
17498	30263
26087	37533
24428	39414
26486	38724
19372	38825
15064	30319
16185	27745
19583	32433
21134	32513
19193	29737
22440	36232
16943	37167
22156	28638
22776	32960
22956	27733
24329	28392
19378	31479
15888	30793
24169	29805
23965	36188
15580	37053
21350	37464
25695	37324
20781	34977
18625	30560
15616	39361
26245	39374
26894	33006
25618	29306
24681	33682
20821	34696
24356	31270
20827	33145
21706	38717
21113	27431
22424	36953
22319	36318
17609	39475
25635	33861
16887	39501
26226	35676
23340	31675
21144	38911
16689	30505
24210	29857
23898	37337
27219	31328
23039	30927
23858	37685
25819	29937
21893	32046
16226	33199
16837	31539
19619	28546
17625	29448
20931	34688
17360	38436
21739	36074
19731	31179
17696	33668
17701	29700
22732	36413
23053	34459
15473	38543
24693	30475
21455	37748
20896	34589
15503	29834
17858	35118
22434	33219
20195	31257
16031	31733
24768	38497
24317	31809
27142	30072
21154	33178
18535	32221
20906	31551
20716	37636
16708	36500
25692	28086
23850	31620
26359	35899
25415	32964
19570	28397
26305	38057
26005	33480
19163	39152
18978	31392
22997	30601
20502	30367
20662	28080
24137	30759
25387	31541
24209	33987
19585	36161
26103	38210
18798	36354
22329	37710
15925	36120
17999	37332
24293	28033
20501	27368
18885	33377
15686	27553
17825	35874
22106	31397
23148	35804
15748	30728
24598	27981
21532	28615
17202	34601
27132	33547
20689	30498
18810	34644
18122	34736
20727	30937
26134	30242
16293	37127
20560	29624
24185	33459
24086	38153
21441	33491
17857	29666
20454	30220
21552	32293
24878	33592
16699	27856
24010	39120
24406	37629
15221	39132
19865	36259
27187	38175
24582	33697
18559	38387
16703	31569
15383	33382
26831	33400
23009	36107
24025	37919
24997	30334
23873	38813
25559	31280
15500	36248
26501	31071
25599	32968
27172	38884
20420	37573
23137	29328
19913	39254
25192	38656
15376	37491
25247	33055
20903	37614
23478	38083
23844	29397
24491	37319
19358	31011
17902	36068
19011	38777
26698	32703
24743	32901
20995	34447
19922	27446
24306	31656
24314	31574
25577	33337
21450	35683
24892	36262
18315	36629
21763	36895
20120	35864
25571	27515
16555	34061
20047	28420
18543	35301
20478	37797
22348	28894
18510	32518
20789	33374
18860	37882
17381	38805
25873	38985
24437	32594
26749	38980
19266	33339
22314	28969
21650	33361
27191	35977
16231	37813
25535	28632
18187	35165
18393	39044
19141	35517
17355	36997
22085	29876
20607	28150
20846	33504
21151	31818
23209	37142
15770	30395
21294	33775
26064	31786
21542	38807
20962	39567
23186	38008
15938	30971
17890	37657
25190	30608
22660	32484
16418	28175
15452	39267
20124	39366
26477	36384
18820	37382
20069	31220
19388	34461
18557	32640
19503	28914
25976	39000
22862	36878
25724	31147
23677	39282
26932	33352
26745	37547
25786	31219
17581	33631
17301	28683
22278	34616
21999	36720
17276	39588
18205	38365
25971	39476
18780	28003
15762	30514
20803	38483
23724	29946
25794	39560
23221	33704
18997	33778
20504	33208
18252	35445
16471	32870
22398	37944
19237	38111
26771	35830
21828	39486
22132	37214
24196	33257
15491	27621
20411	38815
26564	34573
23648	34130
25854	33602
17960	33968
26012	34517
17658	34004
20919	36489
23140	29235
15536	37488
20897	35685
18532	32486
17751	38325
23703	39086
27079	28651
19838	27727
20482	27604
27192	29930
24434	38273
22843	29162
21930	39541
17214	30624
26380	30970
23062	37136
21370	27552
26418	38870
20076	29586
22740	37536
22741	32505
18831	36670
21884	34987
26462	33789
26008	31520
18382	35334
22683	29668
16149	28702
15622	34640
26349	37886
23923	37408
23882	28821
23419	29785
24975	36963
25718	28703
16345	28751
19456	32149
16130	35214
18351	32186
18287	38917
19144	29596
22202	36613
24370	31237
24289	38626
17184	39469
17263	29865
25614	35149
27216	34320
19982	33348
26579	37412
18584	30904
23718	39133
21047	34737
17767	34490
19859	38029
16224	34121
22756	29731
17242	36532
16329	27436
23262	37895
22844	29750
19335	28945
20205	36217
22513	37206
18436	31758
21691	39391
18983	34503
23167	31788
23522	36213
21914	35748
22490	33857
22086	33688
19745	33376
23338	39382
20136	34032
15808	34365
24874	32996
23961	30883
25432	34392
15172	35004
17155	38793
18144	35338
17928	28237
16437	30186
17605	32828
18762	28725
23141	33209
16589	33171
25669	30452
23247	39305
24596	35896
19392	37173
16782	33784
26505	35537
25818	39062
24856	28680
17821	36291
26922	27466
25322	32738
17667	32017
19468	30251
16622	29187
22780	36730
17624	39586
16747	30838
27186	35787
21343	35215
19512	38736
25964	36658
24530	34355
19681	37466
15951	32724
23314	30544
24318	30045
21863	29185
23637	37649
22125	33508
18210	34857
20419	36324
22674	33863
16259	31141
22408	31105
24045	39403
21655	36657
22571	36247
22188	34649
20218	32891
15417	28491
18646	38774
18104	30518
19340	36029
26654	38437
17488	34124
19279	33321
15978	34581
21418	27682
26394	36988
22112	38259
23164	33395
26593	29437
18837	33291
26674	34769
19629	35788
19430	38892
20245	34033
18269	31801
26995	33709
17365	36480
23477	28243
19320	36147
27136	28502
20107	35724
23977	38391
22230	39270
16736	33610
25862	34139
19816	35367
19774	32007
15994	27391
23304	37608
19974	36332
25501	28179
27301	37612
25158	31311
19016	30617
26848	37479
16172	36958
22211	32692
26804	27585
20176	39292
26577	30207
15871	38604
19203	31580
27235	27527
23016	32199
20982	30071
18136	32120
21663	28498
26128	32489
25494	27951
16394	38369
21714	33717
16576	36381
21864	36609
21383	34694
24862	27978
26114	29128
24154	28897
15455	29322
24260	29904
25567	31883
25376	37013
24254	28500
22890	28327
22911	30736
22452	28019
22208	32168
18258	34598
23199	35758
19993	35129
25276	38403
21621	27378
26795	38569
21193	37776
15508	32214
24357	33982
20023	36018
17565	32225
23934	33070
17539	33521
18145	38148
24576	32109
24823	34442
17395	37374
15602	34280
24111	33302
18266	39052
21690	38184
23730	27859
20364	30809
15007	35611
21028	27623
20725	38247
23214	35803
26587	34487
22133	31900
26846	34745
15234	35784
24994	35127
24395	37074
24522	31308
18853	31524
19879	30246
20470	38591
26457	35290
25790	35444
21230	35155
25481	37928
15911	32911
16725	29761
23441	27810
16866	34859
24518	37686
23664	34921
17795	28066
16333	38264
26190	36543
22524	29276
24665	28881
19658	35818
23616	28929
19904	35553
20410	30267
16855	36292
17364	28248
22551	30630
16687	28132
19390	28165
22477	27441
26217	37923
27107	29438
16726	30076
24981	33811
22580	28560
25528	29051
18582	32251
26779	35115
18279	33664
21822	35943
24624	28315
25739	33499
19112	30083
17608	38901
24176	30632
16317	31417
19060	32286
24262	32206
27300	33261
24534	33702
21803	36472
21308	35823
25757	31009
17022	33050
17287	30035
18843	28996
16952	39491
26539	32474
26059	33591
23328	31578
19042	33517
22014	35606
26523	37455
20261	30643
21426	31937
18921	35641
18840	39386
17310	27430
18465	30021
26107	27685
15113	34103
17121	32993
21357	33691
15389	38731
15986	37621
25023	39008
16939	30026
22620	32904
18415	39188
20387	35867
16478	36550
24263	33767
16320	27826
19426	36035
26069	30769
25209	29070
20649	27755
22944	33200
19443	33487
23360	31850
24750	31315
23996	33675
20882	35574
15118	36286
18893	31053
22854	27879
24936	36955
21145	39142
17962	31952
15539	33625
24949	35697
26770	39026
26600	37061
20580	36159
25516	35838
16515	39015
21603	28365
27078	32714
21075	38041
20606	39049
16240	38383
18943	28911
18149	30063
24345	28779
20237	30102
17587	32800
20202	39030
15270	32188
20917	29300
17298	37184
25356	31713
26011	34118
19601	39235
18362	39356
23144	30697
17493	33607
22998	37670
21321	33539
23275	37930
25266	38305
16304	27980
25689	32141
15874	36237
19631	28562
15178	36108
23514	31909
23952	29627
17380	36010
19971	32335
25586	35091
16480	27961
25954	33202
15780	33885
20683	32425
27115	35282
24292	28456
24532	28085
18248	30999
24515	28795
20823	30365
24307	34477
17613	36655
19362	32018
15398	32704
23264	38705
17496	36870
17001	28880
18544	37628
22716	33492
22021	36364
16473	36156
22791	39043
25265	27701
15692	38097
17090	31398
25164	36336
23768	35481
16683	34887
26953	39257
19652	28341
18982	38243
21997	37160
16750	38400
23425	27356
17036	30563
16688	28125
26101	34113
20356	34942
18551	36229
19809	34401
23998	29917
19408	34794
24360	31549
16397	29190
17712	32622
21776	27336
25256	38586
16868	31638
24171	37448
22069	28311
16740	30287
22622	28495
16896	29809
18103	37817
23905	30413
19395	28595
18299	35423
24483	30466
18645	37969
27276	33597
19527	33454
17719	31474
19914	27567
26476	38419
21284	30205
18799	38225
18991	27970
23871	36907
20712	37341
25025	30832
26870	28669
21558	38131
24238	29597
15609	36056
24815	38084
15576	31796
23560	29985
25880	29043
25049	38526
18013	29346
16133	28308
20953	38585
16443	38237
24090	35375
15474	29264
26865	30160
18448	35717
26653	28898
16098	33940
15640	28564
25072	28326
22813	35467
22750	38063
21551	36840
16057	33667
23643	28732
15079	37769
18137	34109
19950	38612
16127	28798
26086	39584
21169	34890
20503	33396
25872	37955
21731	36723
19307	29289
19813	30757
25700	28281
21683	27470
27289	36407
20219	32390
17174	31698
26302	35603
20401	32558
18181	31869
18078	34898
15381	38019
26611	28884
24654	31822
21181	37736
19446	29183
22267	39508
24461	31256
17628	29164
26989	34839
15078	27731
17765	31287
16822	27771
17474	28142
20875	27858
22505	36197
19148	28481
20673	35558
16053	33230
17463	32236
18505	28676
23656	27904
26857	37860
17839	37563
26714	32368
15481	35532
16111	28207
18198	35113
24246	37641
20713	28910
24124	28240
19775	29787
21065	34057
17445	36455
18775	33401
21527	35369
15834	35229
17351	35806
24990	38375
23749	34895
20608	30648
16433	28496
21575	38011
20149	37909
17776	34807
18661	35941
16997	39106
25607	31505
17429	31421
16697	38318
23937	31258
18317	35768
15532	35749
21979	32175
22918	30519
16543	31623
19996	33210
25450	34850
18602	35315
27242	27595
21607	39430
25123	38797
18663	35072
16886	38743
18496	28002
20991	33385
16409	27317
25892	36985
20652	31288
25106	34267
20367	30814
24560	32217
24611	37679
15190	33297
22059	31607
23760	31214
22382	29569
23752	32902
20570	33780
20248	30247
20258	35457
15362	31403
23035	33436
26558	36072
19482	34837
20537	37283
24957	32592
20315	38925
18133	31997
22808	38729
22055	27358
17024	39091
25383	33412
24988	28483
25605	37194
22155	27529
22502	33713
25523	27800
15246	34348
20479	28903
23074	29992
24628	33121
21238	28966
18700	36011
26292	29124
21936	35726
19753	31484
20312	38043
19134	30903
23605	37602
17340	35756
25458	30459
19526	33314
19245	36626
16156	36110
18512	28647
24553	34722
17598	29689
18729	27875
15743	32994
20091	28216
21222	32327
24580	33197
26437	32496
16499	29935
24430	35968
17569	34265
15597	36485
16162	35817
25224	34513
16641	34226
26508	37044
23061	36931
18281	33485
18058	33498
19720	39339
24112	33362
22840	29335
18085	27882
15216	31091
22553	37861
16455	34853
17535	36165
19920	38268
20114	35359
18222	33224
19766	36986
18255	38918
26207	36764
17536	33804
23572	29488
15877	36236
19656	37444
26147	29802
20722	38399
16389	36850
18664	37287
16425	28022
23388	37699
24889	30054
16633	36676
17256	35464
22031	33367
26638	28361
15689	39184
22938	36048
26374	37580
16680	33617
21903	34568
22721	32446
25639	28093
15563	27337
15760	38467
16983	32765
19195	30791
19226	39296
24204	38359
26222	27690
18478	31407
20721	34752
17037	28385
18059	28478
23785	31841
24225	39431
19780	32606
16800	30709
16642	32971
20270	28672
23444	38316
21324	28350
23565	29120
19598	32886
15235	32161
19299	33876
19223	38603
25357	30145
20999	29232
23628	36902
15306	31452
19687	27633
20973	34886
26472	28909
23143	29188
24046	34781
25077	28077
20655	39507
20706	32040
25544	32151
24558	38414
15693	31144
22847	30078
18571	38709
16469	30332
24122	37694
21155	29987
27022	27389
15983	30989
16336	36673
21045	28920
18041	38970
25807	33948
16234	37740
16325	37114
22435	31621
17030	32864
18736	34852
18142	29849
20337	29529
26540	35203
15847	34476
23393	27681
26826	33430
25638	37848
20101	32287
20887	30702
15444	33254
22228	28574
25269	27716
19937	31816
18974	37793
26723	38173
16091	30040
23586	38482
20309	30110
18737	35770
21591	32190
22193	34556
15390	35081
25775	36113
18246	38048
17664	32060
23838	28950
19384	39172
16748	35397
19248	34883
26184	33894
15552	30676
22030	29025
21041	28514
26815	32377
22084	28157
18274	34173
21962	30375
15092	32841
16916	39304
16667	35520
25213	28964
21049	38755
24822	35146
26793	32522
21340	28459
23736	31830
23670	29755
25041	31581
22925	30391
27309	30039
20236	32860
19673	35470
22631	34478
23102	32656
24993	27966
15801	38098
24980	31875
26015	35294
18899	34072
17614	29010
20326	32510
24906	36911
21421	37524
23835	28542
20751	35642
26463	36783
23983	37623
15239	31555
26148	34182
16587	37770
18020	29261
21012	32569
19497	29744
19249	38074
17729	38524
22798	38558
25499	34532
25194	30746
20382	28176
21667	30948
25609	31028
16535	31456
19697	36578
27004	29577
17543	31478
22339	27591
27175	35701
25512	29976
17206	33859
25219	27910
18141	28747
20836	28587
17284	31967
16184	30495
15425	30762
26561	38179
24202	35443
20693	32085
20558	38803
25742	37500
18391	36315
17868	38226
18654	30126
21011	27324
25404	30947
16741	33614
21530	38395
23116	33529
25681	36598
20791	29177
21588	38909
24995	29422
18211	31057
23211	36912
23980	33695
16509	28213
16017	34965
23705	38138
23509	32490
19229	30094
18626	36254
26988	36032
15909	30550
16783	28211
20587	28072
16615	33300
17869	29368
27085	34690
17514	31303
16702	33187
19734	31371
20477	29932
21529	33067
21985	29691
26744	30394
15566	28060
20088	28309
25210	30446
26805	27923
21196	38741
22783	32292
19342	29481
20435	28846
24617	32604
26823	35582
25105	30566
25952	33472
25832	32070
19623	33939
24591	36744
25336	33842
17593	34501
17161	30695
18876	33351
17820	29013
19267	38636
17644	37596
23283	30398
21264	31938
18345	34059
22633	39552
26436	27997
19725	38923
16424	31263
25648	28328
24465	33864
17871	38812
17990	28045
17805	28622
23021	27635
26133	34145
24118	32905
18492	33084
25002	33243
25840	34264
16404	34375
24566	30973
22832	32279
15415	32403
25293	35293
20017	39126
16143	28477
19968	38330
21490	33433
25380	34546
16160	30393
24064	34086
22012	29608
22412	27397
25515	27510
20365	31729
26921	27706
16537	39587
21618	38288
16895	33726
19703	30336
25861	35002
17368	33142
22020	27586
19160	31324
26078	31848
19857	30182
26291	37360
22180	35759
24587	30843
16023	38893
22965	36409
26421	30561
24523	30683
19627	36078
15040	37642
24439	37752
20515	38840
26048	39354
22295	36053
24533	37339
23527	36541
23129	28515
23233	31918
20331	28764
20466	29921
24222	38863
18944	32100
23999	31060
21044	33368
25773	32701
23486	33149
26961	29354
16732	29979
21934	34845
20954	35734
24531	35199
16316	32054
17404	32010
22272	33140
16021	27518
15445	37828
21498	31092
18618	27976
23654	33160
19633	39024
18864	29037
25531	32668
16402	36922
18704	34419
22428	35041
24870	32333
21335	27994
25909	36153
21799	39322
21168	27830
22659	29605
16803	35598
19061	39291
26568	39565
15005	36493
21814	35619
18804	38979
18936	31491
15588	34989
15058	32006
15831	39247
25829	32716
24159	31077
18657	36498
24663	30178
21788	28584
17809	37988
24749	29389
25702	36761
16936	29138
19190	32631
22830	36887
18854	33236
19332	28347
19798	34456
19508	39046
24235	31757
16430	33836
25959	32025
16047	30002
22019	27661
17318	31444
26072	37826
24201	28071
24545	29895
18499	35908
15624	37038
19672	35046
25740	28806
19729	38360
17877	29302
22387	28744
21812	38455
23241	39031
20228	27540
22755	31568
20750	35107
26960	38496
19682	28087
17409	36728
20104	31681
25215	31264
27046	31454
25867	30649
25208	31069
23782	30075
16817	32387
26276	28082
16296	30250
22935	37023
17610	33566
15416	36146
17105	35639
16467	36155
16871	32027
17209	31538
16075	28509
17162	34062
25081	39376
27198	29333
16798	37744
20985	27678
25355	30003
16620	36937
21557	32734
24058	28096
15908	33294
18601	34508
16818	33099
24027	39472
23742	39085
18165	37371
19677	32921
15825	36158
20798	36975
21286	39141
15632	35388
20895	30086
19772	37263
17929	29698
20077	32848
25131	30031
21511	31116
21406	33104
26538	39158
20194	32951
17555	33278
21538	29954
25776	38493
25462	33476
26816	36492
18789	27960
20536	33698
21652	36584
17010	37962
24837	36914
25117	30906
24926	33323
22270	36366
17286	35131
26258	28729
22572	33671
17456	33384
19349	36182
26696	30664
21056	38859
23713	35033
27181	28194
26390	31430
15892	35775
21937	30901
23631	32114
16600	37806
19023	39323
19020	36635
15436	30244
26943	32630
22810	38572
17738	36465
19528	29073
20557	38966
21805	33144
21214	29746
25604	39516
21022	35794
27291	34959
21726	31535
17096	37388
17128	32104
19568	35276
25157	35581
16675	31512
18984	27568
20106	27694
24748	36747
25866	34222
22290	38995
17816	31650
19513	35327
22139	31552
18289	35205
19481	33561
23195	29652
17019	39411
23147	28262
17025	33040
26597	34594
26287	28617
22167	29211
18461	28921
19452	27560
23792	38032
15347	37504
15292	36392
23629	37180
27111	30756
22369	36389
25939	29336
19461	31654
22299	38217
22734	39066
21273	39181
25017	37037
20325	37112
24326	35364
17570	30595
21938	34693
24799	31133
25705	36186
23772	30644
19198	35931
26355	34998
17510	35762
16679	30706
27084	34684
25232	34418
19836	27845
16449	32837
24871	32839
25915	37532
21825	36921
16200	38135
26545	28696
27217	28482
18395	30598
26025	32674
17709	38848
24811	37562
26639	39460
17055	32949
22688	35297
18333	28699
21440	28757
24671	37554
24253	34537
15782	33665
20886	28532
23598	28210
24761	33068
18321	33393
20302	34882
25949	37645
20825	31007
26091	31665
19078	27399
20711	32818
25534	38947
26895	35439
18605	38667
24174	28510
17786	35737
17891	36925
23726	30871
24247	39557
18178	38143
21811	28602
26841	29777
25363	34225
26353	29312
18316	31804
18019	37157
16420	37864
20615	33769
22785	32402
19109	32495
16112	30724
18009	28557
24685	39056
19505	37475
26565	36913
23076	36828
20583	37676
17224	32619
19500	29123
23535	38563
21927	36785
27224	29886
19628	32516
20685	37958
26955	31502
18647	34081
19812	28545
15285	34587
19255	32610
17742	27421
19663	29345
17205	35981
20141	33457
24921	38762
17376	38650
18699	31463
17764	32983
17575	34770
15365	29109
24400	35710
25263	38106
17651	32421
23417	35513
26787	29990
17739	29574
25145	27548
18106	39004
26229	29506
25928	28440
25529	38879
20253	29715
23366	28046
17865	28076
24709	32112
23085	32258
25788	27412
23843	36630
21232	36544
24668	36685
21848	36516
25746	29127
20913	28016
23242	36135
25205	34052
26371	33305
18713	30908
26860	37428
15272	27424
22838	29995
15385	34822
19094	28348
16528	31634
26900	37101
22663	37711
26722	39259
16994	31790
17266	29253
25666	31489
19194	34043
26116	32576
15820	37574
16490	28878
27138	34511
23793	37742
19228	33357
21515	34738
21020	27813
21186	36342
16786	37476
15135	28835
18585	32742
17435	28099
23188	32346
24721	32530
20797	38033
23496	30959
19886	38989
21442	38836
24698	38377
23815	38547
23738	28994
17123	31001
19550	36224
17577	37843
18273	31241
17973	39341
18703	29301
16649	37725
15307	33562
18238	27695
25244	38512
25129	38269
22968	37172
26123	36972
21202	30772
19786	30461
21816	38439
20566	35698
20593	33849
19638	30053
19834	29795
25714	32771
19883	31433
20698	27629
19634	31944
26785	38077
25295	30675
17639	32956
27088	30685
24039	31362
21858	32959
20342	33596
26479	31658
24840	36128
21939	28694
16461	36570
26773	36757
17464	30265
18055	28203
17631	35069
19475	28775
25995	36469
20489	33285
24205	39389
20855	35917
24509	38373
16481	38942
24076	39473
25422	30309
23306	33204
25381	28268
17674	32179
19053	30881
25216	39462
20417	29429
16976	27615
15811	36539
15657	27614
25706	34840
26986	35469
24424	30484
16743	38611
24160	31876
20787	27715
16776	34297
26769	32220
23128	39221
17391	34986
26772	37421
21692	32572
21033	32163
22351	38257
25093	28320
19047	37511
23073	38711
19736	37238
26323	37501
19742	32119
25897	39549
18666	28048
23288	36568
25463	35691
17804	36045
17002	28069
17062	32063
16301	29566
20756	38922
21339	31802
25948	32329
24032	31756
17913	33162
17811	34889
19308	34100
15465	29086
18517	38806
24070	32878
24493	34204
16261	29445
20453	29457
25328	28556
24559	30240
24340	38052
17057	28274
22753	37726
27274	34203
17528	30528
16115	35200
20126	35231
20771	32414
23528	34915
16644	31773
22141	38258
19314	37507
20681	37288
21057	33345
22619	39277
23205	31064
25426	34199
23100	28117
15310	39442
