28051	37353
23148	31571
20679	35871
24252	37361
21171	38871
27336	29591
20938	37975
21861	31357
24796	35621
19015	37178
26768	30852
23590	29481
22907	33961
20303	30423
23323	36451
26633	29700
23078	38529
28582	30985
24607	30481
18714	31836
21993	39088
27427	29410
22976	31720
22824	31870
28574	33228
27677	39583
24245	39290
24487	38138
18455	37626
23184	35221
26313	29195
25618	32424
22079	29840
18429	30485
26703	36165
23950	31501
26616	31779
26737	32107
25418	36474
21644	31382
26092	39319
27720	35334
19478	36554
26316	39587
20805	36698
22746	36322
19199	34765
28625	35800
18999	34956
27760	32203
24005	37039
27838	35578
18871	30115
26598	35679
20420	36942
23403	31477
24881	31540
22126	35329
25948	29474
24389	38679
20664	31177
26965	34409
26069	34509
19509	37794
24702	36729
22036	33299
22922	30239
22052	37093
19011	30496
20562	36437
19197	32487
20674	35801
21576	32724
20934	30687
20574	33644
20195	29569
18827	36304
25189	36221
28489	30666
21225	30205
23442	37500
25386	36981
21393	35054
23848	33142
24236	31678
26995	29279
20949	35615
23556	32862
23426	36293
28721	35195
19075	34177
26160	36346
26399	35684
25810	29850
21631	32066
24172	32685
27626	31124
21959	29322
27594	36823
24227	31957
19666	34041
23618	33951
18350	34277
19905	34062
27463	31605
23753	35049
22360	35857
24070	39511
20282	31673
18248	34949
25854	29889
21592	30907
24035	37181
20277	35642
22256	34636
28759	34377
23057	31766
21738	32989
19697	36120
27341	32322
21770	36399
24169	39138
25109	30127
21138	38371
20545	30873
24681	31261
28288	35075
26933	30314
28320	39535
24418	36776
22669	37200
20482	39340
21188	30727
18674	33505
20972	39543
24803	34684
25227	32797
18856	39168
23381	34046
18854	32919
26070	32290
28063	31982
25206	32798
22395	36151
27992	36533
27489	31333
23748	34991
21956	37378
20539	31850
27036	30377
28753	34133
24836	34310
22222	39115
19104	37264
26980	38700
19997	30344
24352	35756
25671	37230
25857	30051
27739	30467
19588	34453
18951	36023
25594	38325
23170	32032
24705	37407
23241	29704
28016	31228
20931	32210
26157	32967
26689	37247
22499	39492
26925	36531
27462	39108
18494	31958
21864	39184
18423	30880
27740	34785
25659	35237
21858	31391
27682	31821
18357	33185
25300	35843
20611	29590
20630	30792
19399	34457
25894	31289
19691	30988
28416	34850
18067	37254
22758	37222
27932	38275
26218	39084
28606	34193
21098	29350
25389	35926
22509	36078
26750	35244
20823	30826
24206	38771
25906	32368
21860	32759
21785	38023
20956	33091
18380	34050
27548	38767
28027	32312
28110	31468
25884	29547
26981	37876
21998	30982
19766	33557
28393	33723
21192	36943
24794	30712
25218	31860
26120	34387
27230	35570
26177	39378
22528	33143
27472	30600
19465	36945
20748	32152
28354	30315
25038	37477
23998	32426
24982	37435
25957	29666
28308	30759
21110	38466
22020	34948
18064	39077
28111	32267
23122	37721
23038	37641
23001	35416
26353	31671
23331	30102
20287	39380
27407	34136
20466	32279
18391	34790
18340	33786
22635	29710
24744	34941
22661	39296
24119	36992
24584	30734
28242	31415
19468	29199
19868	31069
28117	37131
22522	28829
27998	35243
23059	30015
19495	30237
23921	30509
28404	38393
20148	32398
28575	34735
24724	30143
18088	35739
19566	38358
22137	37976
24573	33559
26015	29844
21276	34620
24126	35863
22166	33126
28603	35525
28701	34286
22804	31376
26386	28953
23420	32770
22613	38839
22162	31959
18206	34272
21284	29641
22893	35565
27845	34251
22355	37304
18341	39286
28451	31573
18538	34854
28441	37364
21564	36617
20836	32380
20332	29529
18209	35152
22870	30169
18779	38199
24066	31568
28789	31559
21003	38531
18942	30809
18625	37870
25553	28939
26153	31903
27873	37090
20518	29877
27839	33080
26970	33787
22909	29430
24849	38823
28036	30040
23521	32172
20632	37839
21400	36048
18551	31131
28801	33982
28152	35784
28679	39510
26857	37393
20035	35859
21896	35078
26428	30520
20233	32555
20842	38731
26831	36928
26811	36859
25537	37873
18617	35218
21850	31891
19901	33389
23128	31565
20840	33958
27309	35184
27275	34716
21812	34425
27688	34672
25654	31718
27365	31528
21518	31915
22003	35318
21236	29249
23060	30834
21938	28863
22470	36213
20084	31910
24491	31948
20622	33326
20650	38542
21881	37553
21277	31109
18228	37710
20301	31761
27447	29409
20390	34234
22381	37108
26936	36873
26437	29656
21597	33145
21251	32496
19328	36703
28401	38068
20706	38829
21799	30207
25356	33733
21023	31939
23138	31051
28007	35261
20462	35097
23289	36827
19904	36899
21733	38380
23367	29815
25485	32839
24785	33965
21136	29416
23705	33195
28281	32695
19281	32263
23011	32464
20114	32168
21606	38243
20879	33940
25466	34547
22589	32822
26474	37349
26615	33623
28535	35437
24747	34567
18543	34539
21827	39045
26258	29571
25744	37255
28487	38038
19322	36546
25086	31801
18477	34811
21888	33413
18700	31426
26308	33361
27550	34831
21044	36583
20641	34629
24188	31645
21880	38894
27912	30336
20531	33204
19577	31324
27279	35683
23946	32507
20331	29293
19877	34678
20191	34767
22803	30739
26037	30978
20629	38696
27396	35331
25158	30522
25273	31129
20860	32258
27262	37849
28749	29058
19327	29366
22728	33221
26385	33079
27023	29341
21492	31692
18990	38543
23139	35891
23585	39036
27898	36019
21718	39175
21211	30417
26426	30519
26482	39121
22107	30229
19295	38483
26175	33385
28037	37598
26387	36552
24751	39521
19645	34076
18430	38107
27392	37753
19736	37430
22008	34586
19556	31881
20109	34975
19371	31126
25136	36622
23416	33411
20406	30894
25697	34110
19787	35171
26444	34891
23672	36419
26481	36114
22331	30874
18454	36314
23576	34176
21950	29179
23393	34061
26248	35898
20399	33820
25330	30831
19810	31644
27709	34776
28340	37122
18868	35466
21933	37804
28246	32810
20168	34366
21688	35089
19396	30465
25050	31946
28218	37398
28726	29789
25567	39490
26262	31117
24896	38917
24872	33970
25370	39190
21155	38513
28370	36157
22912	33187
23236	34836
25819	35158
25985	32651
20447	31058
18790	36695
24402	37115
21094	37737
23340	29161
19825	29621
26946	35121
28040	37237
27436	37043
21182	33529
19340	30258
22064	35373
21232	35208
27377	36189
21367	29795
23853	37669
25387	37925
22056	39495
18255	36818
23849	31687
21546	38139
22221	30410
18261	35805
28450	36442
19170	36600
19042	39107
19298	35514
28634	30067
27671	36788
25186	29924
25728	33357
28141	29423
18738	34718
27423	36515
27993	32597
25155	31171
23746	38058
23632	34270
23364	30082
25840	35881
27733	37257
25979	37978
21543	38349
22481	35906
27210	39482
26286	37372
20305	37551
23163	32676
27667	35734
27530	32634
23158	32318
22899	28904
26961	32356
24690	35263
21093	32359
19405	36828
22436	33925
23938	36148
18282	36256
23383	38721
26190	32325
26935	30221
25531	32741
22783	31641
28695	36353
18610	32311
24356	37687
23248	35449
26281	33412
18804	31459
19520	32533
18728	36825
18832	36352
26838	37194
18358	39284
25030	33456
26198	33373
27204	36930
20897	39236
24385	37651
19236	29732
19189	30682
21505	35112
26786	38671
25339	33316
18857	37866
22061	35526
20402	31127
26432	31701
18629	31434
27933	29609
21222	30518
28071	31340
21397	29027
25716	30099
27656	33130
26907	38697
28576	31360
18028	31011
22706	33249
27476	33556
18696	32738
27504	30908
27376	29458
18283	29603
24962	29183
24114	36473
18061	37905
19476	31590
26918	31804
21728	35066
24834	37494
20616	30858
25333	37527
27378	37023
24900	36934
21603	28884
20308	34044
26377	36508
24241	32448
21513	34447
22382	30845
20707	36586
22342	32959
26593	36675
25591	37783
26834	33174
21760	32489
25678	29278
22614	32245
18974	34601
22490	33503
20499	29912
21913	29505
24478	36486
19401	35779
24423	30884
21351	33823
28770	35635
27649	31153
27580	33918
18200	33821
25868	34871
22254	31813
28452	38077
18576	37152
22644	35971
25630	37214
20502	38176
28126	38330
28178	29677
19530	30523
19807	36447
27174	36909
28035	35696
26026	33278
25074	37136
21001	39379
26729	34479
26181	30964
20929	34178
24292	38301
20161	37403
25691	37561
21562	31794
27624	32082
26338	37571
20732	29562
19329	29411
27438	34443
22933	29658
28433	30662
20080	32468
20533	33691
24488	30920
28482	37817
21926	38279
20863	36420
25134	30530
28093	37706
21939	28869
25318	37977
28661	34167
24178	37506
18402	29865
18958	37795
21944	35576
24406	33101
21968	30364
21905	33064
19728	35230
26197	37233
26115	37742
18931	33200
25856	30840
23202	38408
24164	37105
19622	35561
28121	30775
19906	38996
19079	29466
25540	34609
19926	35796
20817	36255
18684	34345
18905	37329
26210	28825
18040	32187
25253	36933
18055	33609
22514	31371
23076	35330
25028	29091
18031	35955
25893	32067
19364	29970
20203	35164
19972	29521
26087	33834
22876	35708
19574	32806
21031	34569
25603	35231
24469	29165
21651	38101
19620	31087
25305	33764
22442	29285
21525	29524
26521	31365
24978	36683
28321	35652
24603	37645
21919	34180
18698	35002
22750	38277
28448	32926
19640	30414
20360	37013
21604	35697
20122	32755
24240	36187
23984	30303
22188	30842
26771	30822
25519	37371
18626	33218
25081	31057
25449	30045
20540	36145
23310	28913
27044	36558
21015	29248
23544	35113
27163	36922
28084	29978
26005	33901
28174	35256
24959	33915
26765	33251
21841	37169
26772	39079
26618	33735
19436	32649
22789	39309
22712	38928
27128	34835
21621	34679
20421	33514
23994	31145
18624	35558
18558	31352
24350	33384
28050	28967
18839	32972
22945	36166
19559	32969
25094	36127
25669	36378
18941	36673
23360	29634
28588	35988
28123	39546
26504	37357
28586	39157
19994	32577
23783	33973
19057	36482
25874	35405
22231	38062
18197	37337
28785	30516
28594	32746
24148	31461
24536	37360
27628	28940
26185	33271
26330	34840
25046	31924
21366	33931
19245	37154
18372	34088
19920	31339
20750	33270
20133	32838
20279	28938
20877	36779
20327	36977
24515	35620
27368	33232
19611	38683
26764	32520
28595	30948
25575	30035
22732	37375
27475	34905
21787	39016
28112	29974
21670	36570
27041	39448
24304	34048
20883	35489
21181	36245
20024	34802
20619	37441
24533	36664
26022	33844
20496	31098
20692	34117
25516	37069
27478	29808
27393	36156
23764	34468
20899	35810
24974	30104
20946	32588
26796	32074
28173	32629
26740	35219
26225	33491
19960	29577
21754	31446
22091	33346
18799	36197
25766	30596
28311	30450
27595	35608
26117	31651
27235	31498
28022	29528
25700	29251
19526	29748
20328	30245
23190	31800
24039	29504
26104	37145
24472	35914
28461	33175
26024	29478
19352	38766
21369	37800
21030	38392
27817	32944
19427	31729
26837	33459
26025	38570
20429	31462
23771	31851
19414	36744
26934	31429
27490	37290
18179	39502
24100	33077
21073	30709
28031	38262
22916	39428
25925	32236
19712	31791
25347	34549
23574	34837
24770	34780
19725	32601
20847	35691
26343	35194
24212	34308
26529	32307
18892	38979
26704	33985
26341	33989
26280	29515
27749	35718
23336	37424
18962	31190
22805	38902
20802	36841
18249	35388
21911	29493
22059	30084
27956	35293
22733	33339
26841	36833
27122	33188
28390	32400
20698	33554
27601	39076
20696	30483
18952	38733
25059	32669
19565	30548
24285	38401
21982	34984
27110	29196
21375	33717
18049	39308
26532	31978
25327	38589
28602	39421
18091	31356
26945	29863
19593	35059
19415	31285
22102	37601
20271	30124
18512	30870
24973	35626
25414	31984
21438	32113
27381	36244
25276	30743
23896	34972
24640	38123
25123	37642
26226	30095
25105	34219
19885	29343
24008	39588
23313	29126
26289	36522
18104	34807
19351	38027
22539	35864
25512	33785
22609	33686
28532	38924
28012	38118
26688	36563
25257	39004
18311	31198
18259	33630
25509	37963
21821	29082
18826	33875
25247	37900
21786	38549
24808	32960
25779	29192
26170	29441
27904	29076
19913	30318
24129	39362
23757	29309
23657	35425
19801	34210
25151	37404
26121	33525
26621	30626
26054	38286
28286	36649
25701	34507
24729	30717
26346	33398
18349	30486
20523	32538
21969	38186
28667	37171
27563	29388
23361	37149
21537	36738
28812	32141
28359	37707
22026	30535
26885	36905
28806	32457
25490	38653
25876	31537
19231	31017
19475	36530
26253	32541
26053	34391
20437	39404
18365	33199
28439	37627
23810	29725
21049	36408
27918	37432
27527	37899
23824	29066
25031	33342
22886	32916
21292	34584
20887	35511
27313	30841
20767	36686
22200	36708
23856	38451
18540	33049
27401	31993
24919	33546
23719	35060
22485	32335
22089	38955
23392	30293
28783	34585
24722	31344
23264	36734
26422	31824
22401	38462
20007	31944
25131	30557
20194	30036
26077	34645
20908	33368
20988	29011
20254	37693
19005	35433
18729	31200
27384	34562
25916	38084
25771	38958
19547	30772
27764	37107
22852	34493
22699	33545
28125	33437
23286	31223
28224	33658
22497	34200
24660	38927
25615	35943
24302	31975
20769	30019
25610	38464
21010	30811
26840	39231
24038	29178
19822	31733
26193	33710
18500	34579
19428	33876
24118	37374
28719	30103
22523	29682
20718	35818
25862	38471
21558	34206
19441	30979
19884	32988
23822	39072
26324	30676
28403	38017
28386	30741
26056	37939
22459	31772
21135	32717
28396	35107
21334	36091
24895	35606
26956	35046
26355	31123
21655	30063
25097	29874
27208	33006
27973	38011
18690	34205
21643	31677
18918	34530
27834	33732
26215	32022
28510	31680
24671	29882
26699	36158
26606	35235
21254	35432
26745	30653
22653	31361
25822	29003
23601	36962
24186	29049
18979	35290
27035	33172
25313	33501
18919	34128
19676	39387
27328	32138
18476	35771
20063	35163
23756	32940
23700	37367
20676	38304
18108	39415
18025	35795
18917	31156
20893	36656
20173	36658
21490	37052
24560	33194
22931	36302
22632	31239
18231	36687
24323	36496
19710	35647
21264	31970
26784	34269
18957	38336
18243	37401
23503	34490
25235	37638
23285	32535
19176	33783
23549	37990
25015	39161
27029	29864
27509	34673
25006	30594
26097	34715
25316	33193
28310	33801
26692	35254
28650	33478
27068	38016
22691	35061
27531	30517
19708	31716
21547	38889
21876	33835
24857	33273
24047	29786
21287	35460
28183	37666
23886	33403
27797	38793
18949	30585
26204	36330
24879	36477
25363	31442
21712	28871
18180	29176
24650	36644
26241	30969
23727	32288
21036	32020
24310	36764
24799	38995
28507	34174
19722	34699
21962	35298
22182	39011
18202	37679
20910	33910
24054	38831
22698	37972
27717	31350
24939	31604
18276	39177
22660	30906
23947	34805
18875	38590
22576	30505
26268	38375
22189	35048
25139	29611
19993	28821
20232	29856
27495	35168
20400	34348
18843	32207
21051	31652
27561	29756
27786	36616
21455	37867
21512	38050
26955	36056
25929	34748
22844	29806
25288	35613
22936	31402
19403	37478
26278	38413
22937	32432
23422	37522
19698	39491
23685	30006
18529	34647
20093	29752
18757	35379
21449	29988
27350	39238
24083	31922
20036	32617
25882	35181
26582	37808
26145	35954
27573	32529
23496	37988
24467	29594
28008	36557
23992	33715
22269	37445
25292	33921
21749	35447
20977	31226
18987	36017
20169	30031
19773	35946
28371	32265
25282	36343
23991	37072
22302	33782
28162	31634
26785	38192
24835	33255
24187	36730
26806	34634
18351	29993
28703	31040
24447	32193
23169	38309
27153	31550
19219	37649
20319	31159
22505	38742
20187	36440
26937	32264
27627	29318
25639	36207
22801	35501
27570	30563
24365	37261
19694	37325
23943	32251
21735	39568
20147	29721
27974	32289
20489	38259
23555	35672
20870	35422
26133	38135
22689	32780
24674	35987
22655	31290
20693	29670
19977	29900
24228	38239
22541	33222
22178	34595
23789	31945
26931	33445
21019	32837
23973	35176
18118	36065
22999	33945
18126	31636
27337	31547
26700	31297
18333	33132
21228	34060
21132	33689
26209	34552
28484	34315
22101	34815
19152	36920
19665	33579
25994	33987
19648	37945
23287	33883
23647	30130
27002	34719
20801	32204
19714	30787
22097	32445
22666	31711
20266	33922
27987	33354
21489	34454
22784	33634
18899	31986
19251	38493
19550	33477
23283	29635
20460	33713
18938	29420
24777	31491
28631	36285
25911	28978
24268	31514
18930	35212
27589	36982
20220	30504
24146	38989
20427	37302
20859	29695
22869	33792
20073	36051
23095	37086
26072	35951
23245	28992
19321	33871
25112	29712
20573	31600
25398	34851
19033	34071
22724	31281
24155	30098
21757	31157
25173	36092
20412	31667
18862	32237
22163	32052
20481	32300
20488	36978
28553	28930
23582	33215
18475	38574
24795	38210
19258	37215
25164	36307
26858	36149
28454	37141
18290	39248
20106	38891
28054	29696
23462	29099
26065	38666
23080	30543
25655	31222
25636	38987
22840	39145
28754	30219
23530	34281
28730	33587
24759	33159
25622	36670
24224	32567
28668	38629
26863	32886
27200	28986
27063	38372
23710	32615
22722	38213
24806	37081
27909	38508
23107	35643
23180	29436
22953	30373
22926	29794
22612	30059
25036	33636
22251	35030
18662	38496
28301	38908
24161	33044
19008	39548
18777	37262
19554	35053
22291	29662
22591	33621
28632	31719
24096	35162
20383	29039
20009	29191
25412	28827
26884	30154
23721	38932
20241	37812
28700	29554
21122	34967
20895	37087
21531	29946
21240	31262
28238	30864
25629	30391
20426	38644
23091	35175
18611	32008
26042	29258
27538	35456
21700	31136
23778	35593
22991	32069
22402	36286
19128	30824
21317	34274
23161	38020
25989	29747
20691	39465
19254	35628
22390	37412
18269	38808
21186	33086
27161	34842
28769	36291
26657	38250
23522	36035
21910	34733
25161	35785
27841	38253
22106	34845
18416	34293
23055	32973
27848	36627
19891	32394
20657	30079
27941	36050
23932	31251
23205	36562
18319	31727
25201	32201
22299	38425
28515	35477
27869	32473
23919	39147
28560	32997
22018	35281
22688	37184
23244	32345
19672	35321
23114	31535
21947	39298
24062	36931
23805	38897
22918	37539
20157	35598
19389	34893
20045	36894
18149	29445
28501	39169
24642	29438
22172	33775
28136	35067
22580	33515
22640	36743
24013	39205
25590	30374
21315	29422
22356	33674
20396	31005
19073	35344
20278	29188
27296	34537
21160	29335
26074	39410
18153	33627
23028	37865
22077	39385
23034	36041
25457	31493
25761	36773
19808	35448
20614	32410
28523	35974
23988	30316
22810	38978
20841	34421
20364	32800
19265	33574
24470	33675
24721	33555
18615	36252
22371	30270
20867	35310
28068	34222
23723	35356
22462	33196
19612	34701
26994	34737
19539	38553
28755	31995
20294	32137
27985	29533
18654	31686
22725	39014
26620	29263
25955	39367
21476	36449
28637	35770
22851	33611
28428	37379
20751	34810
19100	38507
26235	35155
22088	36662
28561	37296
25913	29862
25807	29522
21404	35759
25941	37623
27788	29014
25547	28960
23523	35583
24001	31014
18860	37068
22743	31684
21600	35793
26663	38414
25775	36892
20055	32994
22686	31329
22283	38293
24308	33766
28405	28971
26684	29839
27219	31825
25037	37356
18522	34037
23380	38694
21345	34642
24133	31873
25578	35136
28025	37368
22175	35692
28201	29305
18427	36263
19811	30238
28424	33594
27418	36310
24462	36279
21675	34995
21534	33263
20478	33007
19177	29252
23662	33210
25041	34330
19765	37053
25319	29888
26588	34933
18109	34894
27719	37653
21059	30745
22149	36897
20728	34304
25623	37647
18338	32189
18133	39433
25099	30210
19055	31500
28358	37668
28474	37426
27606	30970
26727	37179
22796	33381
20571	39520
20902	30454
23458	39002
23032	31421
24790	39128
27048	39274
18981	35713
22672	31092
22297	31629
22146	30396
19579	32605
27750	28879
22730	30703
20993	37547
24322	33421
26987	31301
20626	29879
26788	36650
26658	31000
27584	31112
24604	30497
28045	35780
22285	35966
27616	30193
26672	32698
26140	37871
24812	38912
23782	34996
28516	35323
27608	31419
20348	36249
24419	34162
18873	35044
19362	33082
28028	35721
18229	34881
18655	38418
20183	34799
24579	30536
20313	35634
25577	39523
24501	32337
19749	30151
25080	38884
19929	34830
26220	32238
23320	34833
27221	29920
19865	29013
19923	37538
22464	33671
22554	37982
27930	36505
27853	31230
28092	29484
21230	31703
19679	34779
20043	33289
18281	36754
23508	31999
24287	29373
25993	30929
26601	36418
21701	35272
28784	35580
20901	35830
20651	38124
25464	29854
24854	31907
21807	29962
23668	29136
28312	33027
25286	37893
22398	39498
27759	39051
21976	39430
18817	38026
24045	34021
23658	39330
22273	30157
22439	30927
27809	29238
21271	32430
21362	29094
22761	30473
25150	32554
19263	29911
24464	33744
23357	29809
28348	38678
19078	38949
26191	32223
23581	39240
23837	39484
18548	35232
28555	34556
18321	38720
19661	35794
18199	31411
18234	33891
21759	29717
27542	38100
18473	30926
19413	31838
26866	31183
20441	28899
24587	36608
26494	39005
25684	32768
18676	31807
23300	31551
19134	32162
28334	34727
27118	32181
25763	30624
25352	38622
19315	29186
21555	36848
25998	37917
21151	36609
25838	33597
24223	28998
18784	35443
22208	30728
19036	32900
21662	37964
28681	29646
28004	32387
22114	31218
23747	33685
26679	37263
21928	29029
20575	37135
25023	32027
26735	33739
24073	29395
28800	35071
24625	29875
18677	38711
25909	29385
18706	35166
28074	35748
27014	31748
25249	36306
26039	37293
21485	30915
19973	29674
20529	37809
24378	35277
18972	31552
19280	36479
28282	34637
26766	29898
27700	36603
24782	37268
20235	33151
24897	28868
18278	33773
20670	31816
18932	32802
20919	39117
18929	35246
22134	36007
23976	37788
28021	33297
24484	37774
20398	38518
18825	39218
20221	36225
20994	33050
22387	37092
25586	30326
26119	37635
28140	30828
19610	38926
20061	38619
22119	37695
26864	35257
27421	33499
28034	34456
24446	29019
28402	29057
21130	39513
25478	30798
19187	37083
28380	38321
23449	35349
27908	35412
26443	31724
25244	37507
19387	29557
26459	36748
24720	30989
20761	31327
22120	30581
21053	30561
18760	36615
25850	29005
26566	38850
18829	31472
21637	30678
25740	38655
26660	30774
25851	37574
20288	35350
19380	31263
21266	29907
28059	36983
20713	32583
23888	28921
20101	39196
18076	34354
19204	33937
25481	32570
26776	37548
18561	39444
27480	38523
26612	37314
21731	36100
27372	33816
21532	29419
23042	33272
19704	39039
26655	32550
18047	36294
27962	34271
28497	30580
25557	35751
23807	36485
23512	31279
26400	32618
27683	38504
27712	38363
22969	36390
20223	38784
25628	29228
20357	31115
26051	36274
22997	32036
27488	29857
20806	33002
26732	34877
18665	39081
26600	39377
21705	30268
20896	37440
24627	37275
25053	31935
22578	29312
24787	36095
20130	37483
21758	28919
22048	29627
20976	38014
20071	36083
27840	31763
22190	32357
25582	31047
24713	31796
24998	36351
26013	34886
20944	33994
24951	28975
20757	32233
23296	29120
23131	38538
18310	38160
28471	31710
21198	39335
18236	33804
18913	35385
24420	30667
27034	34400
19802	30020
24817	29819
28069	38005
21811	30575
23454	34092
20407	31755
24532	31375
27285	30119
19500	35916
20644	29763
19455	35551
21627	30048
24828	32514
19091	37457
21457	32742
18896	30847
25349	29615
18618	32230
23840	33055
27518	30146
20424	36795
28259	33996
18239	36003
19869	34554
26009	37818
25699	38748
19523	36844
23794	33797
22651	29607
25141	32568
25502	32735
28563	28934
23962	33023
21425	36726
18509	33681
20947	35933
26389	36745
21601	32427
26441	30770
21243	39155
23841	32078
20492	38346
27402	33111
19450	34011
28423	37221
27689	35353
26646	34278
20002	35969
22652	35816
25403	35004
22160	32954
20415	37014
19557	35735
23415	30201
27588	37813
25451	34590
25910	39478
21205	36677
28692	30041
25115	29606
26476	33825
18468	36214
20939	35728
22017	34416
22237	36490
21912	28828
22641	34992
23864	38945
20773	29344
25681	38756
20898	33008
23411	31859
23982	33533
28250	33025
28349	32277
18614	38122
27366	33550
18809	37099
21721	28947
24213	35204
25400	30967
23640	35588
19043	34964
25836	33414
18882	33697
24631	29762
19680	36910
25196	32073
19027	30323
20014	30477
21452	35849
23986	32076
25147	34376
22293	36732
20129	34365
19769	33754
28150	35376
22847	30236
28240	33708
26010	34611
22446	39009
21486	35886
24516	39173
28245	36924
18347	34077
28781	37542
20649	34378
19716	31717
23118	29922
25124	30868
23168	31452
23019	29692
22892	35413
28366	38769
24662	33104
18795	32562
25470	35935
26359	29462
20958	30603
24511	30843
26559	33417
22944	36774
19957	34517
25116	35546
25170	32266
26817	35631
26546	31351
26875	30379
19779	33927
24145	33244
26384	34063
25013	32083
28569	28912
27225	38778
18219	34169
27003	32401
21752	37218
21184	33803
27461	36672
27424	35942
22127	32451
25922	39480
21105	30215
25232	34192
25168	34082
26357	35118
25668	38613
28796	34420
25472	31449
20097	36226
18520	29101
20458	37769
19562	32458
19968	36863
19353	30637
18263	33053
23450	38426
22389	38724
22138	33664
24567	28918
27921	37022
19262	35999
22624	29347
25887	38631
24909	35339
23654	29021
28709	37885
27827	29950
18627	35729
28338	32275
22563	31863
27143	30445
18169	35875
19248	38547
21103	30032
27000	38412
23993	31675
18976	32609
23073	32244
23235	31231
22211	31787
26986	38368
27955	37829
24081	39435
23362	33605
21582	33141
21399	31173
21737	33727
28639	36891
26683	34028
26762	34635
27214	30297
27716	37078
24152	38895
22133	35589
25992	37748
18737	32349
18095	33566
23716	31028
20618	35829
19922	32250
20311	35110
19458	34370
18499	39285
24067	30397
24547	35630
18192	35711
22224	38030
27419	30070
25328	35727
19844	39139
24626	29194
18223	35464
28483	31876
28795	37128
26433	34740
20891	30368
22960	29459
22271	32377
19857	35042
26755	33034
19538	29810
19147	38090
21290	38770
19689	32050
24210	38540
24388	38352
21346	29975
20963	37036
25962	39068
28058	38663
24869	36980
26158	33521
23311	33149
25138	34145
19490	36326
22826	35051
22657	30673
18256	32186
18574	33660
21890	28836
21076	33795
24312	37678
27545	37781
26095	34341
24743	31319
26725	37123
23891	29098
19764	30643
18397	29817
20490	37528
20865	38490
22092	31603
24886	36284
19300	29894
18778	30292
23695	36320
27801	29107
24192	33458
23860	33058
19247	33350
20128	32910
24892	29715
22400	31111
20120	37629
24218	34355
18921	31672
27091	29244
18924	38042
25520	31217
27244	32460
24768	29981
25538	39111
27983	34127
21410	31544
18207	29242
28170	32104
21609	35788
22745	37718
26086	33761
20737	36242
24234	29651
20662	32719
26848	34994
27054	29910
21185	29174
27067	31275
26573	36786
27726	35709
28154	31731
23047	30178
27866	35663
21067	38972
25280	39171
25947	35892
24084	33366
27779	31245
21504	31072
27787	35255
22616	39097
18119	38266
19871	32128
23859	38399
21773	35673
23343	38773
19487	32328
23843	31095
22983	30909
25897	38328
24570	36777
25675	30252
18659	39456
18432	38976
22405	38962
25901	31386
22332	37880
19514	31864
26186	32823
22409	34230
20517	36072
21169	35706
25259	30559
18545	33926
24190	37292
18005	32101
20803	30629
24667	30372
22873	29150
27090	33532
21818	38337
28052	32674
25544	37962
25529	38470
20060	33382
22673	29339
24386	39509
18766	31431
22867	30359
25804	33603
20461	34882
26136	32092
21018	35014
24182	36076
25256	37591
20854	35070
27108	39179
20339	30680
22513	39282
23066	33401
21344	37854
24953	37303
22009	38036
26203	29332
27178	29295
23211	34899
26411	32912
18485	35714
19892	30572
26662	29871
22228	35151
23497	33169
27242	37683
20876	29007
27310	32703
24975	36565
28316	32594
22265	36001
24979	34813
23256	30525
22982	34987
19193	38405
25839	35823
18747	34502
22671	30590
20265	34000
22449	37797
21802	34081
27158	33928
21837	32381
20284	31722
18163	32306
21548	37392
22787	35012
23134	35530
25383	32621
27553	35827
25707	35979
24941	39466
20226	33779
27835	39400
20778	38840
24232	31655
24572	38449
22051	30620
18616	30412
19970	33984
20310	33528
22599	30611
27729	36136
21804	37926
20261	37798
28467	33709
27661	33711
20950	29155
21220	37931
27492	34285
18554	37986
23707	35203
18975	29599
25991	29543
24460	30162
27855	30869
21741	33208
19649	39398
24594	34108
27870	30114
23743	29625
18292	32423
28456	36097
23354	28880
21474	37965
21736	38450
28232	34570
20781	35057
26922	29640
25976	37832
21154	32631
20913	37091
18222	36973
22957	38990
26470	30133
27160	38491
24421	29661
25391	36338
19000	33139
18770	37434
20584	34059
25096	34500
21333	34091
21458	33018
18535	38621
25180	31843
21423	31033
25040	35010
20923	32243
25251	31908
19798	29673
27957	33223
22694	30203
26347	35690
18797	35556
26580	32342
21190	35303
23871	38237
28207	33828
18367	36642
22845	33489
24270	39489
22118	31358
21447	30109
25778	37911
22998	37749
25077	37843
24996	34238
25813	37589
21583	39333
21430	38089
19273	35129
22601	35267
27040	31373
19041	29367
21830	32247
21382	36993
25415	37833
21428	32807
23614	39389
23792	35519
28573	31227
24711	33948
23467	35822
19375	39536
19270	38423
22967	39451
21468	32858
20861	34734
24281	32254
21210	38340
21508	28873
20125	31042
25039	36602
18487	31751
22062	30424
22201	38264
21095	30660
27353	35269
18721	35314
22707	34426
18830	30767
24256	35993
23109	31609
26291	34969
25635	34942
21734	32744
27077	32119
27133	29973
20568	37089
20661	30183
18323	37755
22879	38715
24381	36068
23813	33231
18335	30349
22453	38318
25423	32117
26741	29647
24921	33212
21038	36391
18622	37576
23633	31212
21493	38463
25981	34172
27963	37336
24455	28929
23094	29256
26748	34461
19507	31596
28414	29953
25903	38522
20869	36436
23263	29838
20542	38674
18749	38802
23282	36201
19919	34712
26900	30861
28254	37864
19291	38374
24231	31394
24665	32493
19120	35223
27222	29523
23329	33073
22223	38763
28645	29300
28271	37161
19437	36829
27828	29758
23251	30755
28114	33070
23586	34446
18038	38636
18258	30111
21127	38893
20053	33887
18071	39406
23229	31078
25826	29068
22060	33639
28079	38652
28412	36653
21118	29958
24459	36604
18027	32521
24474	31454
19178	33859
19312	31400
27394	35479
20699	29271
25581	32743
18547	29048
22325	32511
23014	35617
27940	31802
22007	31396
19025	29724
22520	33860
27583	30521
19739	38603
21194	39268
20852	29433
24049	34739
22317	37579
25794	33454
24611	33214
25329	39134
18583	31101
18268	38707
19235	34036
22775	28917
23515	37549
28466	35454
26067	32727
26073	29610
26166	39354
20163	34168
18708	36427
24537	37287
19062	33010
24850	37793
27294	36172
18653	33960
24282	36692
23966	31489
23687	33832
18279	30284
19962	34545
18041	36025
25829	33581
21897	31828
23865	38575
20509	32608
18989	33136
26488	32208
26734	34245
20717	39049
24716	37881
22778	29940
22929	37847
22352	39304
19417	38879
21353	36512
23294	38007
20354	33690
23809	29219
27900	39291
19182	30598
28756	36949
18330	37862
19618	30004
23945	38946
24950	37673
28791	35342
20137	38591
28491	39281
19462	36323
18036	29124
22625	38656
23324	30750
26522	29843
27117	31010
18743	36904
27529	33963
20105	36428
21002	30390
18550	32720
21245	34961
18131	37878
21686	39366
18786	29694
25133	33668
20428	29536
26304	34538
27211	34396
25014	34153
24801	37860
25528	30362
23709	36580
18566	30701
19985	32801
24398	37588
21365	33854
21498	32499
19151	32408
19875	31555
19143	31928
23253	30902
24257	34032
19780	31473
25262	36164
20422	35439
28519	38804
25248	35461
27543	28882
28742	31483
20215	34574
28185	32730
20049	28911
21529	30577
20219	36902
20022	29895
26292	37694
25359	34623
27007	30552
26939	39471
18966	30407
23665	35284
26561	34744
22232	34561
20537	34434
21975	29827
19755	31008
25602	38781
24121	35141
18505	34220
21937	35351
18670	30066
26480	34358
27566	38717
23463	29311
18014	38092
18081	29172
27260	28885
21223	32177
28651	36817
27049	34135
26526	33651
18946	29893
25920	34418
20337	33941
20253	32447
24320	35241
28335	38680
21697	31640
28686	31713
18852	34362
26805	31647
19161	38327
20982	35372
27319	29956
26962	34736
24830	30050
28319	38076
19677	36103
20170	32095
20192	32280
22506	30802
26425	31699
23408	37853
20596	30384
18539	31249
20560	34745
25658	30470
18983	31653
22896	29175
19365	36680
22572	37933
21231	38159
23646	38049
23453	32031
27252	30553
26164	37656
20594	37759
19272	29535
19150	38079
25102	35758
24074	34989
18592	38411
25350	36116
23881	36299
26614	36750
18755	31621
23308	37796
26223	31139
24017	35222
23002	39336
19967	28903
27711	34760
19264	36104
20283	38925
22241	30735
28302	38258
24694	35930
25483	35540
18785	30595
28221	39127
27243	32812
24475	30081
26123	31066
19473	33703
22085	28950
22623	28876
20272	31996
27510	31398
27413	30375
18285	29265
20672	39570
26023	36444
25848	38988
22739	31158
21847	31753
23937	34659
23617	34232
21854	35332
18604	34213
26627	30100
22386	30353
23671	38003
22055	32009
22966	39580
27196	32633
18264	37447
24055	36500
22145	29088
21722	33312
28268	30034
26344	38539
24664	31287
19911	38131
19266	28818
24710	34419
20589	38614
24672	30094
26059	30669
25685	38881
26638	38443
28526	35409
25980	33005
18891	39101
21048	30087
21971	37726
24097	30416
24387	30325
20607	37792
28500	31625
26200	30935
22906	32935
26752	35555
19214	29331
24160	37137
20593	31032
27238	35414
20479	33418
18893	33877
22202	34312
22214	31505
23981	38080
24524	35585
19702	33790
19138	39534
22608	34073
23724	38956
21970	30176
21320	29166
19244	32490
19872	30058
24913	39562
26251	31788
22274	29200
19342	30220
25719	30565
21708	32010
18536	37382
19095	37957
18541	32523
24220	32013
24335	30273
20782	30383
26753	39085
23980	32330
20439	38333
18184	34359
28670	31965
18567	31433
20021	28830
23141	34070
26040	29308
19958	36380
28630	39242
23767	36108
22878	33490
27060	32885
20912	33277
20945	35058
26979	31191
20799	31750
26349	31481
22684	38677
23519	33178
27884	30062
20096	34051
22781	36857
19627	37495
18022	29399
21314	39569
26006	33700
25692	33262
21418	30026
23026	31960
20353	39232
28297	29153
21178	39165
20363	33269
26047	32053
19131	31951
23978	37581
19108	31649
20612	30893
21765	32421
22157	37049
22766	34022
28525	37166
24889	32721
21521	36593
20449	38378
25533	36347
22529	36497
19652	36267
18762	34934
22292	29777
25362	36373
19179	32220
18355	38136
20862	37725
24824	32170
22286	31740
22004	32788
20659	38984
26242	37344
28186	34913
27980	34661
21973	35837
24286	37073
21082	38577
19744	30974
19586	37705
21026	35074
26038	30569
23349	37918
27425	38612
25865	32974
23182	30625
19830	38505
20704	39136
21193	33211
28011	31526
19260	34600
25022	30246
23589	38510
23273	29660
24024	32098
27823	36311
19931	28923
25825	29596
24440	31937
21128	34825
28391	30421
22170	31569
21552	30715
26695	37518
25019	33061
19410	35682
24076	34165
20917	37961
19956	32509
18451	34822
21991	36435
25706	36130
25912	34555
24677	30260
25741	29681
23242	36282
19953	34535
23925	34131
18078	38260
22108	34413
27348	36119
21612	38905
20166	31538
23231	32176
26964	29775
19621	30113
21388	34119
25569	39270
18275	32071
24061	30415
19477	38993
22740	29061
28134	32599
18996	33371
24856	30175
18037	37819
25166	34342
25767	34764
23557	38576
22547	39391
22904	36704
18769	31844
19498	32482
18113	29630
28200	31142
25360	34843
28445	29454
27330	30733
19123	32046
25722	39032
27087	35147
21347	28867
22524	38585
19604	34834
23659	38813
26571	38486
26903	38627
27482	28996
23928	32278
23957	32234
23419	30968
19221	37208
19786	35102
27950	29203
18649	31786
18895	38918
22022	38722
24297	38687
26649	31857
21405	32239
21173	37514
28122	36676
26505	35507
19372	31121
28722	32825
20535	33429
21255	32257
21659	30810
18915	38218
20273	36939
20222	38492
20027	30539
18886	35517
22362	32590
19585	31783
20225	30965
26543	37388
26985	34979
22242	35119
24326	38526
21539	32906
22448	34068
21542	38203
19090	33914
28314	36289
19944	31985
25289	33300
19301	36363
24597	34072
28266	33408
28707	31094
22581	32197
18074	33243
18245	39162
28440	33758
27911	36014
28378	29932
27345	33021
19035	37243
27354	37578
21013	36367
25434	32159
28533	38676
25208	31595
28426	35419
18066	39573
23661	31835
20755	31927
20118	34568
27125	33247
19192	33201
23473	35322
20229	34333
24912	32024
19444	34794
21441	34722
22319	30699
21698	32354
24641	29530
26468	37006
24814	39419
20815	36296
26105	33402
20465	37554
20621	38173
22861	29024
24425	34826
21456	29231
20965	30222
24545	29407
28379	33980
25246	35921
23935	33986
21432	38595
18527	37655
21233	29573
27969	32406
22463	36438
19991	37195
20785	30009
23542	29960
24831	33893
21972	29346
18364	39347
23201	37047
19230	37764
18773	33896
25551	30033
19552	34295
19563	34814
28654	33216
22278	29262
27771	33343
22206	32524
18695	31966
21545	39375
26549	39174
23356	34906
22243	29473
18150	34344
26530	30230
18805	32930
24954	37104
28658	34504
26408	32793
25526	36574
21663	29788
24771	36106
24632	29375
23007	29773
24379	29825
21278	32953
24648	30694
23431	35873
20722	35927
21216	38967
26641	30021
19646	32765
19987	36872
26450	31258
22488	29726
21948	30049
19014	38943
27782	39518
23172	37648
24736	34713
18377	29079
20812	36960
18419	39527
27685	38034
25027	38727
18514	30444
20039	33649
27264	28968
25084	37160
21275	30526
23489	30302
21302	30583
26080	36144
20825	30961
18435	36020
21464	31401
23478	32012
23258	32029
23237	29151
28711	29089
25200	38959
23952	36129
24853	38684
20323	38992
25265	39414
25293	33952
20074	30849
22057	29490
27746	30605
28389	37729
26626	37625
20411	34571
23714	38119
22917	33464
19988	34674
23916	39412
24693	36259
28158	28900
24613	36176
26562	35088
21899	29915
24588	36881
27937	29316
24127	36700
18782	39439
20289	37825
19886	38944
19361	30707
24449	35543
23868	36276
27844	34350
26358	32386
25604	35752
24479	32920
20395	34069
22735	33508
23147	34016
23616	34688
28013	35135
19139	34207
20775	28889
25177	30431
23495	30013
22702	38326
23025	38125
28336	33553
23040	30931
22990	35753
25970	30562
19952	38065
19017	29979
24461	31016
27079	38833
19757	34264
25652	31108
27860	37987
18084	28857
24300	38795
28100	33848
26589	31518
25029	34124
20076	38776
22834	30602
28081	31882
25879	37869
19359	29976
27442	30702
26329	29623
28326	31362
27256	29723
20505	37472
26971	33089
26089	38947
19719	33589
23140	29396
25977	29282
26972	34865
19023	36046
24082	36858
18395	37455
27631	36492
25394	30403
24890	38319
21227	29908
26617	31567
27822	31798
20599	30589
23293	32347
21139	29495
22883	31303
26336	36150
25424	38453
23817	28875
23844	38231
23768	34122
22429	30080
24866	35869
28640	33213
21588	37879
19637	33988
25613	33632
27629	30645
19541	32704
27785	32037
18262	35431
18353	35616
20514	36329
24136	38331
19651	37032
24898	31070
27551	37168
22806	31499
20370	34773
21781	32889
28046	30174
24337	35968
27632	33447
21711	33076
23915	38335
20810	31024
18861	38512
20608	29733
22552	37005
23958	30337
25436	37098
24115	37085
28589	29403
24080	38179
26290	33209
23492	35052
21085	37614
23812	37144
18401	37025
24034	34367
24966	36547
26739	36571
20350	33320
26041	32085
23027	35317
25554	31475
21394	33643
22199	33001
19317	31534
26673	32227
25283	33224
24293	33069
20072	32642
22377	30296
25935	39423
20941	34273
22197	32796
24915	34706
18462	37920
18985	37929
27564	34216
23401	33742
22187	33148
28256	35424
23348	38255
27270	36970
24833	38389
27578	34164
18911	39299
27673	34276
26414	34695
28290	38300
22195	29916
26110	33688
23039	35984
18060	34149
21514	34667
26871	39592
20202	30116
26027	29368
18668	34343
24568	34170
25522	37242
20513	29096
18717	35228
21824	29464
21986	34148
19149	38520
19616	30853
18474	36959
21524	29469
20625	32875
20377	37134
18080	31934
22307	36612
21117	31562
23908	30251
19046	32914
23612	31195
27680	35738
25190	30023
24930	33118
22720	37164
20355	37733
20937	29190
18176	37720
20725	32860
18277	35178
18928	38064
25205	36264
23111	33652
20814	36453
24551	37803
23834	38803
27888	39386
22664	35297
18042	34441
18105	36940
25493	35471
22093	31666
26952	31399
22250	34313
21892	29906
22659	37784
24409	37133
20150	35192
23763	33450
24412	33888
28096	34890
21930	36179
19278	36517
19996	34728
24238	32785
25563	38132
24125	33448
18663	30640
26989	37076
20701	34424
28531	37084
25612	35475
24048	34988
22099	30128
22772	35485
21684	31082
20322	31099
19335	30150
20010	28907
25193	32657
20205	34435
26940	32164
27169	31075
28780	35133
23688	37728
26116	35438
27597	39483
23035	35083
21242	35719
18534	36470
28219	37565
18613	29008
22802	31618
18814	37112
28581	36901
21309	37414
19255	33000
24298	29143
20604	29896
22333	37555
18443	30428
18085	29361
19890	31067
19355	29568
19019	31894
28704	33078
27523	37270
20139	36564
28409	31283
19800	32232
25274	38611
21286	35041
22204	37530
27046	37315
26137	36315
28672	37739
20003	29162
21914	29604
19852	32446
25787	34511
18506	32747
24899	30108
28205	30815
24844	34944
19469	36810
26473	34196
21055	31465
26665	31363
19681	31364
22177	30241
21873	29391
25055	36690
22193	32403
24328	36997
21963	32004
25461	38377
28107	38313
18650	36495
26821	35274
22863	38095
24207	30672
27679	35595
26440	34460
22530	32641
23602	36281
25954	34730
26668	31757
20830	33074
26938	38182
18183	32191
20925	34809
23900	37815
23096	36787
18660	35364
27851	38142
25757	34771
22230	30426
25185	39013
21016	31580
22249	34997
23193	35426
20727	31785
21857	35548
28524	34244
22090	36578
28270	35206
24264	34755
25712	34742
28113	33035
23221	32361
24498	37846
19047	31607
19743	30679
18159	28883
20152	33279
19118	38750
21553	37419
23101	29189
23673	37026
27910	32200
28520	33858
24810	37947
23607	30361
21380	36513
24332	36936
22857	33767
25984	36335
19965	32371
25108	39059
26361	32671
22540	34801
25990	34638
24258	39180
22734	32573
23298	31830
24680	33580
22109	31162
20413	31060
25785	35907
20961	36232
21005	36791
28511	33873
22492	38329
24340	37768
20083	31296
26207	34385
26455	37980
24955	34372
23120	30612
19283	36976
28420	30959
28449	33202
22839	35754
20455	34486
24888	29296
20826	31202
24505	28909
24651	34985
21816	36426
22176	36605
20089	34615
19900	30399
21566	37762
27344	32987
22168	33317
26360	34382
20550	33248
19606	37552
28115	38859
19275	33281
24553	34860
21419	29548
18449	36630
20587	38994
22888	36169
24775	36410
24415	37060
21907	32581
22696	37335
20627	32970
21750	38234
18898	33760
23729	36153
24204	33884
25755	30425
18058	31295
18453	32517
23798	38347
19650	38836
27880	36308
20136	36430
21985	32316
27972	34112
22709	29115
28198	39109
23720	31614
23466	31149
27634	35813
27757	31849
20800	38150
27861	34817
26896	32611
24059	33239
28669	33376
19303	33600
23874	29676
20079	32829
20964	34085
22630	32883
25642	37295
28222	32873
18360	33502
23436	29999
25021	32221
23199	34053
19466	36999
21580	32310
26205	30492
20029	35665
28552	29291
25631	39297
20508	36560
23622	33606
23842	38754
20512	30576
22028	29722
22341	38153
25366	38820
21996	31531
19425	35427
23696	29909
25772	32060
23087	37202
22262	39328
23533	33230
18982	35725
21879	32628
28048	31304
26711	35761
19781	39283
28065	33789
22949	34448
19168	39040
26547	38618
19700	32775
21981	38872
24668	34412
18525	28962
28734	31698
25240	36722
23197	34194
20190	35743
27500	29860
25369	33004
24659	28914
18503	39022
22135	36456
28745	32175
24931	37585
19377	36811
19949	38737
26471	31563
18579	37280
26541	29998
18068	29142
27905	36018
25674	33156
21922	37501
21960	32030
22501	32219
23909	32783
28615	34260
25689	34578
27295	32216
27929	34691
19777	36024
23504	34869
22723	32327
20249	34211
18901	32686
21634	30607
22549	35750
22782	33099
27414	29177
23208	36532
18318	30160
24229	34614
22835	30317
28362	31453
26085	33121
19783	32740
25125	29816
20291	29131
22408	33184
22280	29168
23894	30729
19297	38174
20005	30960
23749	34489
19536	38857
26510	32124
20224	34097
28787	33740
22853	30531
28374	31691
19771	36371
22105	36012
26106	39000
19596	34709
19061	30641
22894	36645
23784	29517
24581	37771
28243	33500
26064	37213
23656	31086
21107	28952
21966	29943
22587	37456
24826	33694
28367	37236
28714	39359
19370	35610
28413	30859
25541	31093
25833	37660
24563	37577
25375	38832
23675	32483
24837	36185
20726	30748
22403	37308
23752	31771
19421	32948
26583	33657
18400	38906
27646	34386
27088	29616
26957	30991
18720	39295
23795	36004
20822	38882
19379	39591
26508	30392
26048	32736
23291	29287
21337	33602
26479	35662
19527	30503
18713	36767
21470	31114
24829	37035
27053	34515
25315	38134
23679	37511
23043	29570
26515	38061
28568	38267
20268	29989
23906	35370
21436	29835
27137	35333
19279	33340
20953	36759
26892	35591
21174	35480
18293	37346
24032	34215
22469	33537
22282	31471
26178	39313
18672	36807
19378	29643
20423	30529
18606	33912
18730	32584
26845	35599
27691	39572
27805	29330
21665	35304
18594	39496
27115	31286
19927	33591
27552	32205
22367	32694
25945	37599
19590	30537
24585	33047
20052	37665
27893	29171
23243	33036
22988	38256
25199	37381
19989	37283
25332	39497
23266	35280
19512	34467
18129	34501
24338	34320
26382	38544
22595	36488
24612	38953
19758	39029
21387	32054
26345	36624
28225	34056
26125	32915
25672	38896
24715	38224
23171	33870
20519	34294
24313	33705
20498	30335
22558	33924
21102	38597
18858	36926
23897	37855
25214	30633
26661	28945
25005	33962
25165	30367
28435	35948
22996	33307
28811	39086
27906	37908
21729	39334
27018	30608
19834	34747
21835	38801
22455	29997
19276	38071
22041	33431
23098	33947
19037	37524
26294	30370
27577	33029
21895	39425
27670	36775
28578	29796
19203	29216
22809	35421
23773	36009
20309	38886
25479	34430
28659	29905
22645	34142
21814	33601
23405	29935
19682	39504
28313	39093
20685	29847
26030	32952
27730	37950
20304	33572
27625	35018
27213	29614
22533	32546
24559	31178
27159	36160
20504	36735
21409	36691
19423	32962
18226	31485
23629	30698
19831	29598
26832	37253
25971	35216
22593	33542
22754	28991
19382	32466
23149	30971
27349	29463
28375	35338
19644	37307
22517	32846
24071	36953
26458	39227
26730	35500
20928	31578
25241	30366
18168	32610
19818	36714
19369	32042
21661	39187
24548	35799
20087	37278
24181	30821
19253	30418
19671	37463
23485	28946
20966	36585
26007	34653
28407	36845
24920	29163
24730	30777
22344	29460
25682	37001
25122	29275
24697	32552
22391	34907
26554	35345
23396	29304
27047	29846
28699	37717
21142	31743
26719	34900
23839	38999
19804	33167
28775	32336
19817	35015
24904	35361
27756	37497
27080	32389
18792	36124
22764	29926
28542	33335
18914	34878
26491	35929
21096	30749
20236	37966
20890	34368
27268	38702
23974	32934
19154	30510
27852	34150
28693	32958
19893	32411
22570	38104
23623	35486
22619	36551
22322	38041
22404	34043
20267	29698
24703	33396
23634	35145
27611	29185
20760	37735
25999	29593
23934	35661
22130	32169
27458	31506
18686	34720
22494	38779
25927	31504
26949	39140
21112	37172
22267	37077
27466	36589
24678	35932
27415	32656
20077	38855
19518	31335
19684	32420
26224	28851
21179	33114
25467	32683
23328	38281
20534	38238
25376	29129
23741	29555
19799	39431
28676	38901
22986	35465
27467	33095
21463	33943
21929	31637
22692	35817
23054	32140
24482	28872
27191	29539
21071	35573
19394	34711
21250	32379
23996	35482
25864	34597
21372	39352
19528	34741
26306	34042
25317	35928
21503	38391
28540	30621
18220	39198
20257	38825
24925	37159
19789	36733
26129	36218
28773	35371
21589	38791
28315	37058
21797	28902
18598	36796
19088	32815
28422	33575
28633	39263
21209	30101
26820	32769
23181	39388
26363	31074
22995	31820
18317	37491
24025	36239
19332	31397
25344	32500
22749	39392
19188	35870
25132	29443
21829	36561
27070	34951
19069	33930
21766	38745
25011	35712
19496	38332
23146	32579
25054	37503
21379	39057
18633	36139
20974	33598
25454	30972
23185	30141
19532	33013
21916	38421
21988	30952
18689	38205
24026	30752
18661	34786
25937	35311
19212	37042
22607	38596
18194	34160
28472	33242
23663	30042
18885	36639
27721	30833
19502	31765
20642	39098
21788	33304
27842	33669
19499	29090
24040	32981
19615	29675
21239	29782
20715	38528
24022	38579
21260	33451
27820	39575
21321	36283
25711	31712
20343	32909
20450	32957
24591	34978
22031	29209
22235	30301
18467	32153
23192	37902
19690	34405
25859	34816
18445	37410
20804	32899
23456	30159
18523	29657
19878	33726
27022	29587
25841	28906
18964	33284
25657	37631
22747	36006
27724	31510
19438	30199
19130	30451
25430	35833
20582	36376
27559	37420
20918	37550
23569	29281
19287	33067
26366	35355
18641	34963
20275	30330
26103	30812
23262	37572
20443	34558
19925	30938
27831	35990
25801	37643
18492	30796
27537	35670
20143	30950
19516	29276
21716	32501
28493	32472
19863	29479
19647	33682
24755	30813
27613	37534
22757	37821
26300	34856
27811	29830
25656	33920
22412	35567
22258	38342
20329	30264
18562	37606
27156	35552
28421	32841
19350	36880
21125	31969
23682	31847
23079	33351
23490	29642
21267	36860
24147	33410
21815	38278
24010	36965
25966	39371
20559	31225
25092	38854
26144	39221
21717	31404
20214	36109
19374	32285
24994	38191
21742	35882
19433	38214
23421	38914
22654	34316
25860	31624
21927	33321
21014	31714
28172	28993
28442	30785
27050	29348
19171	38130
22900	36540
18146	32202
26844	37562
27485	28908
25243	31829
27140	34909
19459	31167
22376	32282
25345	36379
18295	34714
27555	34491
19918	36421
21764	30593
26991	37814
20711	35840
25294	30324
18082	37983
28406	39073
20743	34013
20777	30340
27085	33818
27503	34832
27113	34275
19525	39163
27334	36923
25789	31524
18250	34221
18544	33302
26941	29323
19336	29633
19456	35811
20180	35636
22399	33629
28324	31210
26456	29659
24003	36319
21461	34658
18062	36140
25252	37677
26052	36472
25579	29446
19347	38167
22877	29141
20444	35090
27443	38154
22451	37708
25914	29226
21437	37102
24646	37327
21849	33386
25918	38113
23488	36392
28744	32459
22234	32456
28496	38617
21862	39228
23731	38752
21745	39172
23112	36377
26466	31299
19313	29093
19208	36620
24937	34919
18187	31911
26172	30155
18828	38533
23010	38420
18164	28957
18436	33853
23524	30209
24333	29259
18141	33051
24728	33318
18883	39258
23267	34668
24600	32453
20397	37545
27325	29971
20617	32637
27772	34189
25816	30744
22808	30993
28776	32465
22365	38221
27694	39207
28164	32055
24769	34751
24887	36995
23852	38561
21990	35149
27999	33833
26533	29148
22935	36541
23598	37685
22508	31749
25640	31536
22525	36634
21252	32058
21955	31977
27923	30719
20903	32019
28702	38009
19633	30848
24219	32614
25399	36499
26527	32772
21561	29134
19463	29429
27590	29097
28627	29584
18515	33440
20603	31688
25754	39082
23427	32540
27064	37531
28764	35880
24480	35063
23989	28837
19016	39323
25312	32213
26457	36553
23898	32324
19267	38290
27514	31090
22872	29691
23145	29063
20716	33190
26318	29130
27520	30249
19114	39080
21719	39372
20821	34086
25900	38556
23954	33400
22353	35285
24557	31377
19045	31869
18735	32292
28144	35094
22181	34550
21374	31492
27959	31997
18171	38228
18725	31874
20451	31346
22768	35994
23299	34758
20269	28831
26489	30038
27138	39276
18294	38482
28548	30863
18776	35845
19915	29664
28398	35887
20868	33472
25997	34229
19386	37446
24094	29035
27743	32723
23279	38812
28220	39020
22354	29034
19889	36210
19686	37640
22103	37459
23050	38845
27761	38892
24864	37664
24015	33869
28062	37827
18869	36081
21808	35964
26897	35369
28330	33217
24628	35467
28356	36888
22927	35909
19668	32925
18498	30282
23307	36303
24851	32240
24766	38162
18151	29127
28142	31193
26780	36441
23345	33756
24305	34798
26187	30446
23333	33056
27099	38195
22837	35527
22491	35991
26376	37433
26694	31080
28361	37409
26143	36501
22438	34353
24277	29680
26595	38588
24330	37600
19506	38459
21871	29065
19296	35120
19400	30322
26545	38478
20175	34297
21025	31674
18599	32139
26208	37558
24503	30725
23637	30156
21471	38675
18960	35674
28476	39455
27032	37891
23775	28997
27314	32510
23081	31967
26261	30312
23917	33395
25923	29499
26001	37288
25184	33226
26929	30466
27072	30468
25231	31466
22555	33220
21027	34903
23872	30546
24932	31793
26201	31332
27598	36047
21008	34375
20922	30117
25058	38436
18945	29811
24373	35508
19669	32964
19343	37650
20554	38166
28740	29000
19762	38867
19727	35484
27919	29286
22272	38230
25645	31250
21224	37163
22466	29567
22807	34039
26398	39351
19122	32136
25371	34496
24416	39277
18191	29947
19792	34983
23568	30855
20892	38294
26098	32351
27215	38965
24353	37699
28502	36506
19126	38066
27571	36538
28230	30381
18647	30350
20104	37110
25171	31280
18664	38587
19797	34580
20090	38565
28760	31133
25845	36481
18190	32696
27574	33180
25756	38400
24431	30224
20547	33824
27267	33942
25688	36503
22939	33258
18145	35122
21197	32192
22648	30674
22631	31266
26004	36174
18517	35538
23150	37260
26297	29884
25384	37996
26829	34577
28513	37124
21523	38716
27843	33042
24171	37147
20023	33576
28350	37007
26163	32613
25515	31721
23833	36416
22812	35695
28463	33979
21618	37298
23711	38223
23350	37306
19907	36154
26429	37907
23956	36484
22191	37496
22943	28926
23931	34731
22313	30754
18752	31341
25605	33890
25647	31553
23664	34914
23510	34290
27800	30378
23553	36876
22940	29580
19056	38085
19157	31187
22590	30190
27058	31862
22450	33166
21475	32786
24184	35229
27939	37993
19605	31769
20921	31414
26331	30061
23397	38502
25809	32748
24128	37719
23000	33815
27165	35153
21997	32474
23023	29456
24120	30275
28228	29083
21147	33062
28073	30940
25358	34887
26902	35260
26587	38241
26950	38557
22324	35335
20176	34839
22129	39042
27287	30075
24685	36324
20598	33935
26718	35627
26674	33839
24691	39322
19625	29380
23207	29092
22559	34694
21794	33388
26736	38093
22748	34151
21187	35925
18189	33334
26497	31811
26179	36152
28153	35392
24987	34955
27505	39064
18413	33146
21237	29476
23953	34462
22465	34300
19191	38019
25056	39027
24027	37415
21795	33133
19160	29918
26967	38390
18758	29618
19683	38555
28101	30706
27614	30232
18646	30480
28614	31541
21800	38919
28604	30419
25982	31469
18731	38063
20858	34959
26276	30586
18056	36836
20198	36588
18298	34130
24217	36196
27030	30064
27586	31841
23155	32931
21330	31474
20911	35189
25662	35582
20477	36202
20848	30242
18880	36842
24807	37450
28655	35959
21647	29455
24434	30878
22695	33155
24706	35536
21620	38145
21199	36846
26018	35505
23539	34231
26854	31282
21559	35019
21549	30435
18094	33604
24291	33822
26127	32118
18252	35747
28047	36623
25209	37889
19121	30427
20418	32444
27615	36313
23378	28853
26174	31588
26789	35251
18853	29137
24596	31416
25492	36882
22816	36084
22974	29032
23117	29538
18466	33573
19040	38705
18943	32877
20281	38830
26911	39305
21097	30730
28273	35404
28392	34116
20541	32826
27246	31113
22042	36900
22164	32911
22898	38986
26990	29144
26391	31998
26913	33424
18719	38991
24357	39182
24621	35854
26112	31025
26799	35783
25601	36684
27016	30527
28133	29992
22543	30723
26507	33359
20068	34847
26231	31053
25905	39188
20856	38828
28593	38816
21121	33347
18343	37741
21608	30369
18651	35803
28612	38747
18560	36211
28203	36678
22956	37904
28694	30491
24390	36731
19723	31216
26419	38515
28032	33128
26807	37313
25560	34054
22460	39467
21632	37095
27735	32757
24683	32986
22537	29813
19589	30705
27814	38116
28277	36268
22078	33866
25420	29969
18408	39593
18410	30550
18995	36549
26714	35325
18057	38344
28190	29688
27403	30463
28181	34299
28688	38970
18070	35301
18247	29160
24804	37875
25219	39537
25142	34179
26756	34317
25573	33367
28212	39503
21527	37752
25060	37402
27927	39486
18186	38864
28641	35271
27181	33081
20940	32652
23684	33845
20184	39452
27139	32985
24520	37239
20230	32144
27273	36832
23423	33704
26708	32761
19746	29336
18484	38530
25608	29653
22074	38964
25176	33387
25843	32313
21702	35036
19870	37250
28289	35080
21009	35299
24399	31626
25902	30018
20583	37751
28119	30710
23799	33753
28299	37326
21904	39341
24143	36222
26475	29833
27027	30538
19555	31715
22958	34465
20250	28856
20648	29223
24043	33716
19874	31326
22104	36582
20786	33415
21877	36032
20048	31096
21581	33590
28708	29880
21352	31387
21159	31834
27557	29689
23701	38477
19709	39343
19867	31064
26698	38620
27948	29671
21306	38189
24699	36457
21522	38805
23699	36719
27298	36614
19654	36667
23689	29457
26439	35462
23376	38957
20780	35812
24343	28855
26630	30751
22512	30090
20127	30507
27954	34014
25477	35307
21859	38495
20141	37676
23077	33647
24692	29798
20741	33530
27220	29030
26340	33939
21401	38306
20016	31307
21295	30881
24117	38417
23369	34066
23089	38148
21843	36837
24992	29654
28492	36566
26445	36903
21855	35700
27695	30186
26332	32397
23338	29018
23137	34581
18142	38314
18736	35086
28772	31582
19756	38863
28490	34806
22964	34524
27704	29485
19304	32320
27837	35584
22039	38851
28357	34352
20734	34191
22225	32675
19086	36584
28382	29801
23660	35569
25304	34250
19750	30943
21123	28951
20042	29537
23371	30928
24205	30604
18581	29622
25811	38310
20747	32011
26234	34874
18935	30420
19628	34025
19936	39292
22829	30644
21774	34499
26298	36651
25651	38858
21078	37045
25627	39325
28307	29549
21538	36955
19010	30047
24465	34084
23451	38180
23125	38870
27802	29709
21080	30181
26919	35596
23443	38006
24244	37473
27891	28987
18992	30073
20388	38920
27157	34243
26594	37941
21131	32442
22785	31470
28346	31517
27338	34962
20824	35200
27713	37429
28717	36937
22290	29760
28638	39265
25752	38608
28239	32833
18103	33480
24226	33087
25025	34858
28053	35651
28469	34052
19713	33355
20209	32560
23899	32574
22516	38467
22410	33037
25566	37848
21389	39408
23123	29210
28309	38826
26923	32706
23592	34513
28039	39566
27824	32612
24374	38127
21100	30093
27339	37111
26083	38703
18439	39235
25986	31599
18363	33548
24331	36660
22330	33476
24023	31663
22618	36592
25621	34040
19063	30771
22521	37564
28209	34643
18986	33113
26068	33977
19537	31219
24791	35572
19288	32518
18904	28954
21681	30910
20031	36270
23635	39532
18230	30017
26196	31912
18254	35726
26270	28816
18362	31009
27374	32626
25419	36821
26267	37592
18927	34347
23760	30461
27582	32923
26690	36908
23580	31668
25987	34012
21801	28981
23358	37079
26591	35410
27465	31146
20601	35022
27300	29470
20875	28865
28151	30665
27702	33296
20295	37373
25904	39487
18833	31762
21640	35787
27333	28935
20551	37823
26746	36850
18765	29526
28087	37661
25188	30078
23475	30846
23876	30773
18838	28892
20703	31359
18692	38929
26312	30951
24124	35283
20497	31045
26034	30165
23548	29440
26713	38546
25687	31065
23335	37767
19866	29381
22903	32595
24816	34171
22422	34049
23796	29903
23391	37820
26295	32689
23435	33285
24410	34789
21826	33522
18128	29778
22779	38983
24140	36826
18489	34884
20886	30494
18029	39360
23857	37406
28329	31150
27102	32777
20992	30914
18059	30272
28287	31482
19608	29402
24789	33287
18907	32180
22825	32714
27945	33849
27282	33642
22456	30825
20132	37033
18835	35744
26773	31877
22207	38866
27575	37888
22875	32722
25961	28948
21180	30534
24823	35487
27134	35550
19080	35549
26636	37505
18120	36663
28522	31867
23230	31328
26409	37048
26524	29514
22887	31455
20174	31029
23593	33240
26182	34738
24786	38246
19861	33446
24250	38270
20631	35386
25847	34516
20557	29941
18687	29050
20828	36467
22502	28949
19454	34328
21084	34998
20342	30573
25690	30835
21064	39453
21530	36071
27984	39329
26325	32636
20459	36240
27020	36646
19172	36175
23017	32287
22440	36362
19761	38723
19560	38141
26891	35495
22705	32391
23339	38288
25891	35646
28368	35348
22417	39531
20038	29269
22358	38497
27017	32867
24211	32462
26188	34427
20108	35742
19607	32461
25361	36927
26959	38790
22095	39090
25202	30786
20004	39321
19175	29779
22113	38366
23414	36042
28797	29297
21012	38271
18421	32033
24756	39246
18631	38409
22588	38668
28652	29802
21090	32979
20107	29146
20432	35273
25942	29432
25009	33509
21285	36516
25643	39253
26675	32811
28804	36163
25118	30191
25736	34253
27168	39574
24400	31106
19185	37930
28635	38002
21298	32982
26836	30044
20494	29629
28727	28982
18912	36234
19599	33227
19228	31892
19358	37763
22415	36706
25808	33469
24902	29159
25000	37217
21497	38753
20881	38143
26637	38552
28810	31189
22058	29497
27092	35980
18844	37322
27308	29637
23563	39237
23347	32225
18342	34541
24316	33054
18033	34198
23068	35815
18043	34885
21392	30253
21902	29022
25609	37223
24725	34863
22303	37777
21901	32653
22413	38055
24529	33933
26781	37901
19775	34018
24960	36815
28355	38615
24198	33483
27794	30411
26953	32396
20636	30188
27778	30016
21511	33902
26463	32469
21189	32897
28275	36493
20110	39440
23317	31197
19613	39499
22430	31662
24647	29313
22646	35005
20851	31348
21710	32539
25042	31955
20546	35653
23742	30345
25765	39267
28408	38635
23594	34639
25287	39307
25495	33063
20623	35099
21037	36229
24407	39070
19768	30913
20798	31554
28447	34505
19491	39303
27825	37363
24019	36112
18304	36382
27201	35888
23971	35128
25445	33504
23260	34625
19277	29170
26717	29600
21057	39052
18693	36527
20238	39470
27212	28861
18849	35172
21617	33679
28647	30145
18346	35098
19391	37628
23215	38973
19623	30688
18165	29016
25229	32998
27065	31901
19941	31118
20978	36741
24885	33561
23851	29693
18114	37209
21024	32242
18890	36277
24380	35782
19316	31424
24246	33596
27299	37850
26079	31739
24534	36613
19009	36534
26890	32304
27107	30071
19655	38404
26517	33245
19934	33419
26932	33219
22495	34749
21657	38053
20262	36632
22823	38431
23818	35763
20044	35481
23901	32018
22560	37318
24630	29227
28204	34591
20030	31186
18789	30731
22154	32049
23274	38469
28009	32089
19144	30958
24947	28888
27473	28854
21714	37857
25272	29556
23056	39113
28260	35130
20759	37536
22337	31052
21599	30069
25355	29425
27654	37765
24156	32224
24269	32693
21724	33748
26874	36682
25558	34292
19848	38435
19974	28941
19959	29636
25297	38939
22838	38015
23918	29739
24272	35874
18003	34209
24006	34212
26233	37670
18177	35474
19044	36309
18658	37125
25033	37605
27558	38272
23233	28974
18102	37369
19546	33394
27318	37323
20536	34449
27858	29994
21780	32890
24396	35205
26020	33917
28304	35850
18794	39037
20968	34692
26352	37082
19740	31942
22760	29299
28327	30574
24737	35611
23297	31591
25936	31833
20924	32616
22676	32434
22298	37593
18496	38437
24891	35724
21358	36090
19558	32688
18683	34557
21646	35733
27795	31810
27479	30601
26930	32376
26255	33229
27986	34641
27765	39315
23636	29933
18542	39384
27388	31104
26275	35509
25877	34374
23619	29679
21974	34079
21730	31237
24605	34898
22284	34774
20532	37698
18715	31495
20849	31390
26792	30076
28399	37575
22842	33538
23222	38430
27901	36723
24822	33117
20796	38354
28771	39254
25599	34770
20345	38370
18289	35825
19519	32776
21602	32492
21845	37716
23355	37334
22050	30564
19856	29222
18791	31632
21272	34957
24457	35913
23240	30433
27744	35043
18092	36573
24445	33383
18371	38853
27183	38774
23440	35186
21384	37887
19225	35660
27434	28893
28415	34415
22610	32256
19217	31616
25964	39481
24752	38033
26071	29449
21932	37204
28139	33619
23252	29405
24424	32699
18407	36601
21113	36652
22793	32044
26680	38799
22670	39058
20597	35865
25002	29990
25452	36077
20866	35581
23452	35910
25076	30182
26775	32963
20556	30980
22096	37009
23020	31622
23831	30196
22416	33706
18959	38681
25731	38654
21630	32418
18726	32362
25145	34268
27508	29428
27004	32365
26823	35544
22124	35124
21373	38439
21940	33524
27430	31608
26111	36595
19460	29477
21424	37740
23674	37475
18235	29268
23341	28823
20552	37094
25110	35185
20204	29913
26093	31083
22518	38364
22553	32898
27698	39589
27454	34775
18044	29255
27426	38216
18260	37790
20809	30014
22621	36814
18997	29649
21439	39477
28410	34519
22658	30179
26927	34707
26014	32888
22049	39116
26548	31900
19882	36271
20864	28878
26560	29121
18908	28964
18682	36063
27182	39075
20011	38922
26716	31206
28381	30955
25364	31594
18384	31815
24652	29254
26388	34823
22854	39273
25111	36080
25619	30934
21247	35529
18337	34336
18326	30925
23437	39074
23597	35835
24383	37220
25776	34190
22710	29198
18822	29398
19587	32784
25395	29483
18948	35236
26416	37618
22425	37341
25062	31172
22296	37114
20081	36266
23021	30803
26194	39533
27818	35777
27202	31140
26371	29644
18286	32115
26984	32422
26977	38440
19481	34757
22532	34158
25107	35093
21635	31224
28680	38008
20515	38930
18586	31725
28038	36454
24776	31576
27821	29774
26642	33770
25510	32497
27812	35922
26702	32818
26916	31683
20340	34324
18603	29095
24284	32519
25503	30649
26873	36696
21214	33699
27123	33265
20600	33362
20062	29182
19186	37377
26653	31201
27758	35717
21844	32861
19859	34793
18107	32576
20151	38818
27502	37345
22073	34686
23373	37458
19206	36424
25263	31961
26818	39399
21885	35374
24610	32558
20297	33124
20788	30247
23803	38811
19124	30675
21868	29525
19598	32865
25739	38880
20613	29213
28333	33349
24473	36751
28761	29122
21978	32045
20119	33046
28104	39216
18246	38158
26078	31030
23494	36450
18361	35962
23733	31630
26167	33045
23924	33003
23214	39094
19841	33016
20495	36463
19576	35179
23750	38670
23571	32158
19602	34531
21152	29707
20960	30072
22700	32259
22467	37383
24195	30277
23110	31035
26947	35087
19971	35134
22596	37802
21283	30457
28175	36984
19864	37309
20242	33457
22043	29310
23667	32261
20926	38178
24123	31933
23655	33654
20124	31557
26211	32271
18224	30304
18772	30670
18073	37567
18803	39582
21293	39443
28547	39170
27420	38339
19238	35100
22067	31735
25382	36749
24486	34792
26152	33900
23069	31513
28105	33309
23735	29158
24064	30091
18925	33950
28656	29776
27460	36737
19624	29207
28267	38322
21175	38446
28284	29283
28732	33997
24327	37516
22384	38196
23177	32882
24734	29766
20356	37480
25919	39390
22850	34484
20666	29424
18083	31487
20643	35457
20932	36251
22955	38642
24546	35900
21069	32976
22598	29225
22727	33616
21313	38558
21415	35775
19381	34471
22478	33482
25149	31079
23600	37056
18052	37909
26624	34631
18399	33974
25245	32006
23303	32849
28537	33257
23224	35605
20998	33353
19999	34038
25934	35781
23187	38648
28431	36356
28478	37249
19446	31458
24490	30011
21020	38904
27301	36713
28216	31444
20888	36702
22343	36183
20144	37612
18673	31484
19018	31584
21202	29966
24314	32532
24958	38379
25453	32965
19791	37974
21517	33038
22952	37859
23867	38201
20735	29784
20317	30500
25120	34140
21479	32096
25474	31176
27223	36625
18390	36288
28070	32871
21477	32984
22981	29685
28774	34017
26535	34788
22288	38476
18117	29434
20098	38768
21359	34795
25404	38175
18098	31478
21886	29334
24099	37468
26370	34980
25425	34525
21768	33628
24562	36935
27494	36321
20829	34361
23088	37416
21143	33084
24639	32874
22347	32295
28737	34003
18605	37156
21383	38432
28782	32314
26813	29427
28098	39193
24761	37096
26751	34613
19688	29829
23517	31151
22024	35360
24392	32235
21336	37279
22477	30732
27783	39255
24162	30001
22860	38708
20436	37712
18376	34594
18821	33392
23754	37692
26184	32075
18004	36839
19320	32680
27512	30291
24575	33633
18069	32943
27723	32229
19451	28834
20753	39156
18874	33397
26485	31861
25270	31486
27249	37526
21563	33246
23398	37704
28506	39438
24283	34589
23648	39133
19319	33622
24997	39552
27457	32813
22185	35250
20797	30255
21318	32666
26968	35575
18352	39066
19282	28838
24078	37566
20942	37499
22483	31941
20338	39590
22196	35640
18888	35858
18602	34104
27150	28944
25119	31144
26602	33276
23370	30180
26356	36073
28176	29797
24645	36629
27066	38744
21626	34559
23481	33957
27651	31264
27274	32475
27257	31685
21061	32856
27916	37617
28596	35217
23135	36709
23697	37787
25872	33964
18632	38798
28802	37858
20078	34663
20211	30086
24196	36956
25071	38810
24021	29886
27406	32035
26720	36349
18185	34009
21326	36648
24165	33283
26323	31370
21022	36689
22179	32443
28213	34945
24368	36716
24028	36088
24216	36950
20382	37185
20739	30854
25892	32355
19420	33433
18694	33661
20346	32907
21065	28925
26222	37471
21248	36808
20588	29735
18368	38657
25072	31152
22006	35518
23531	30043
21106	33819
26682	36789
24569	36819
20819	35384
22566	32171
28076	32281
20820	31021
24576	32088
25113	36423
23691	37051
25204	37515
26403	32064
28364	36060
27332	34606
18549	30819
23968	37482
19879	35614
22905	34311
27524	35227
27228	38047
22046	36854
23044	39092
19862	32995
22253	37611
28191	39469
22583	33809
25505	34417
20008	36847
22215	38248
21350	34939
27885	30365
25881	38369
24653	38087
28559	37485
25743	35266
27148	38004
22363	30462
22993	34986
21124	36228
25314	32983
25737	38807
28010	32305
19307	36327
21307	29728
18266	38045
27312	32378
28462	38907
22573	32133
24369	32352
26710	32647
22040	29612
26126	35740
27104	37394
23196	31071
27302	39069
26247	29870
27278	37513
25374	35846
28163	34469
27081	30161
28341	38860
25750	36348
19860	36111
20915	38921
23708	34656
18115	34750
19943	39476
25616	38592
24689	35306
27607	32178
25446	35693
20246	34473
18308	35242
20844	33796
18130	33798
25441	39434
21889	29064
27714	30814
23126	33098
27935	39301
19850	37688
24248	32531
23838	38193
23154	31229
23013	29193
23913	31592
25016	31566
25078	37291
19933	36000
25401	34067
22435	36769
20153	37390
18980	31888
25220	32848
26339	34512
24991	36334
22098	31132
26590	36387
27766	38985
28049	37299
26257	32479
18636	31738
24020	35851
23045	38149
20047	34363
20391	38433
22122	39302
24345	33286
23961	29824
28808	39089
27286	32086
27521	37711
18824	37953
28365	29749
20702	33468
18916	36599
18801	33730
21172	34233
19093	38025
28706	33788
24007	32040
20677	39279
24957	34125
21091	36439
18936	39505
18740	37002
18920	29501
24046	30376
20207	36542
27450	34481
22577	37828
27804	37063
21083	29527
24880	31991
18420	32268
25211	32975
20286	35296
22311	29253
21316	35490
23577	39204
28642	33261
22014	38759
26383	32763
23083	29149
24861	37423
21866	35076
20373	32947
24348	34522
20980	37872
25290	34166
18526	36834
21473	37397
28388	35327
25762	36948
28248	30495
28237	29901
21573	31919
18524	29628
28687	35612
25003	30197
19880	32023
19066	35305
20669	32679
20914	37959
24657	31890
18291	36693
23785	30331
21462	36331
25433	35618
23459	39206
23554	31023
21591	36333
27093	35389
21645	31628
23418	38835
20756	39346
23877	33179
19422	31875
18546	38236
21431	39526
21828	35521
24840	36171
20930	31792
23801	35938
26853	34743
21070	34027
24609	30269
22364	31012
23332	33327
24593	30524
19826	32121
28813	34225
20742	33999
22901	33333
26173	31832
26889	36059
24295	29858
19115	37038
26245	34121
23715	31022
28541	31044
23823	38524
27796	30584
28743	34518
22843	35566
25896	29031
20690	33393
27741	37117
27895	34864
21771	36820
26722	30308
22963	38316
23346	32589
28453	37560
27322	37636
26867	30692
27217	29333
28044	30618
18588	37743
21448	37801
26012	29904
24267	30029
24137	36994
19535	31964
21221	29439
19662	33560
27383	34371
20548	32729
19729	29883
20731	30718
24792	32718
23368	34633
24926	33290
19031	32702
23225	38709
21585	34134
18017	34045
20493	31682
27390	30793
28723	37691
28437	29468
18134	30112
24964	31046
23446	39512
22336	37619
19252	38583
25487	31366
27446	37512
24336	33837
23227	29951
22457	39446
23389	36782
26814	35560
22147	33422
28285	39166
20208	32498
20171	30879
25527	33626
20375	31670
21165	38809
22116	30556
19715	39050
18148	34968
26434	35745
18132	32513
18944	39150
18460	37979
19782	32753
27351	38305
23189	39395
19299	29834
26525	35749
26501	38651
21639	29384
19819	34182
23941	36637
28124	34485
28247	38407
23758	29125
25748	31822
24242	36805
28293	39055
18775	33197
19515	35528
27863	35183
21541	36375
18241	30208
22227	30973
19658	31507
22968	38488
23428	33103
23281	38699
23536	39538
24451	34729
27084	34622
18570	31620
24976	31895
24538	33526
18417	35434
25933	35834
23628	30357
28347	29047
26966	29488
20729	30616
20470	28862
21577	29783
26656	36640
23472	35497
22441	39556
21066	34787
21162	30883
25228	31639
24542	39401
23070	39061
20660	30875
26396	35553
21376	31194
22076	32575
18812	33377
20900	39186
19181	33799
18759	34966
19742	32522
23006	34101
22932	34090
21878	29087
22773	36030
23344	34746
18666	34503
24002	37934
27288	39561
24877	30398
26421	39576
23575	34105
25091	35420
23016	34399
18802	36429
18370	39376
26365	29342
27076	32990
19447	39189
21819	29848
19551	31393
19657	36332
20438	30789
19344	30225
25034	29187
27997	38954
24527	30022
24437	33907
19601	37936
24624	35381
18727	30541
18596	29467
23500	39280
21360	34872
24458	34296
26124	30120
27914	36086
21636	30887
18270	38931
20484	38594
26088	38519
28106	32123
23464	37543
22703	35986
20179	30267
24514	36746
24988	38633
20325	30227
19591	31690
26676	32716
24429	39178
24586	34392
26643	33814
25815	32764
24521	37238
22979	38844
24800	30489
18675	33734
20558	36597
23097	34006
28169	36297
28272	36431
24432	30532
24874	30632
18870	36045
28188	33638
18965	30092
19213	34015
26139	30791
24746	31300
23578	36194
23048	33444
27748	33670
21146	37890
24928	29831
19243	36679
24377	35731
20906	35072
21664	39468
19752	34528
27497	32938
26912	34922
25724	31497
28696	30460
18497	35953
21803	37672
18593	29023
22084	33487
18967	34605
26101	35211
28584	37235
20816	31211
27439	36727
22862	37622
18934	35265
26926	34752
19334	36184
20987	37438
21870	37436
26472	34669
27942	30628
19595	31805
27725	32828
25106	39176
27528	39557
22213	33337
27136	31213
23234	36312
26803	38800
18495	39063
19572	37780
23179	28901
25983	31577
26645	36739
20362	34035
28663	32977
26159	33995
23595	35934
21817	39003
21571	32165
25665	32820
27883	37615
20808	31812
23854	31658
22015	34185
21488	39461
28160	34671
20935	32484
21806	36539
26607	32880
26540	33800
28317	34791
19026	38600
27668	33936
27994	38865
21683	31374
25379	32565
23067	33584
20070	36219
19673	30024
27173	33624
19411	35765
18054	30781
26625	35033
19594	38806
22562	33663
25103	31084
28664	33150
21402	38447
18502	38091
21852	37882
26003	31642
21208	34109
22848	39209
24952	37301
27011	37256
22534	31272
24441	31994
28470	38501
21887	37316
21411	30287
23498	38837
26142	29243
26992	29914
23374	38848
19812	36957
19522	35278
27535	29237
25969	31728
27455	31102
22070	34322
19895	36204
22592	29317
24130	32728
23609	38623
18667	36967
19338	33665
26798	33345
25215	36757
20102	29818
27754	33164
19619	39225
25140	36265
25070	30342
22184	35368
19540	36867
25550	34360
23766	37319
19048	31585
27755	33953
26856	38885
25972	33344
18446	29078
27958	36969
25324	31963
21269	33122
22276	35028
28376	36979
27192	34506
19376	34247
21674	31259
21341	38511
18458	29337
26122	29510
27696	33138
25849	36443
24261	35440
27846	33725
20054	38037
20384	31615
28419	29450
26108	34732
28116	34305
18840	35982
28108	33667
24783	34592
21967	35604
19950	38948
27272	31679
26415	29377
27736	36361
25660	33071
23487	36781
27560	31696
20530	30610
22082	39220
18751	37018
27516	38359
28786	31330
22682	36758
26321	36785
23425	29164
22167	30400
21704	31842
19209	39581
19119	38384
23486	35539
24764	34682
18889	30746
21568	37418
18704	39001
19930	33729
26019	35210
20247	29447
19324	32887
25747	35494
22636	32431
22744	35417
22132	36138
24149	35649
27008	31768
25686	29431
25095	29711
27975	37272
21291	29241
20298	34087
28094	38701
