28058	37348
31346	34994
27239	33443
32367	37013
30903	34536
27934	35968
30741	33277
31093	32902
31684	37683
32193	33049
29119	37489
28766	34687
29735	37272
28009	36445
29324	35184
31411	36588
32391	33680
32688	38248
29939	38302
29664	34095
32393	35691
27785	37251
31670	35526
28308	38572
27157	38829
28292	36103
30931	33005
31599	37917
28933	35203
27891	37520
28594	37379
29611	33069
28818	38387
29012	36037
30842	35029
28347	34177
32345	38003
29402	33063
28503	37429
31242	36217
30727	32968
29802	34155
27181	38166
31857	36573
29060	33119
28978	34028
29766	38178
30632	34712
28378	36832
28673	35011
29331	36851
30782	34234
27281	32959
30912	34930
29286	33458
30457	37627
27394	35510
32735	35243
28697	38534
27101	38256
30226	33740
30275	35804
30891	36903
32108	35462
29417	36515
29537	38724
31824	33073
27182	38024
29124	35584
32614	34894
28254	36145
27554	35951
31883	36386
32201	34270
30293	35178
32049	34832
27495	33345
32612	36534
28423	33617
31364	37650
28299	36138
32698	34567
32648	35807
30786	34743
30101	33184
28359	36617
30531	34249
30865	36717
32514	38931
32592	35933
31798	37178
31172	36411
28803	33236
31123	34747
27029	35230
31239	37684
31826	35457
27151	33923
28474	37110
29130	33809
30028	34740
31572	37903
29346	35832
27209	36859
30645	37418
30254	37727
30134	37320
28492	33200
29199	33008
31923	35240
31568	35202
32864	35550
30432	34755
31573	37030
31298	33082
30695	38895
30132	33769
28521	34297
30019	35838
29240	34974
31794	35575
31282	37548
32871	36595
27081	37350
31689	37555
30555	35251
28230	37731
28511	33693
31954	37439
29769	36504
28073	33415
27219	34243
31866	36626
29046	37082
27000	33007
29863	38676
27033	36987
31019	33846
27169	35628
32574	35452
27414	38727
28916	37233
31013	34238
29662	34096
30683	33564
29614	36080
32307	33316
27180	35979
29066	33222
28981	37037
29555	37760
31913	34938
31342	33360
28346	38423
32128	34559
31629	34837
31197	38257
31585	34790
30744	36694
31234	34982
32639	36055
31926	34425
31553	38522
29756	37293
28736	33575
27835	35015
28523	36697
31597	34861
27820	36253
31832	33035
28850	36267
28250	35736
30473	36861
28133	33387
31358	34484
29078	36034
30804	37256
32063	34376
27633	36452
32294	35865
32366	38040
27979	33726
30061	34105
28640	34989
28471	38055
27240	38848
27265	36739
30212	33841
31344	34254
27445	36382
31596	34181
32342	38401
30824	35167
29013	38625
27543	36350
27453	35672
27542	37963
29313	35289
28586	35822
28857	34113
31470	37473
31178	34632
28012	34075
27046	38615
29809	37554
30613	35411
28971	33427
29673	34820
28398	35734
27364	38118
29960	35302
29895	36198
31651	35836
27669	36071
32883	36605
30590	34011
30794	38471
30435	37315
30345	36053
31690	37366
31921	37811
28108	33139
32086	38602
29400	34045
30093	35802
32776	34112
31506	36761
31312	33505
31392	34834
27607	36960
27264	38777
32766	38667
27549	36928
32203	34909
32204	35853
27838	36440
31011	37930
29067	36968
29387	35443
30949	33651
29888	36455
31476	35705
31560	36277
30914	38060
30580	37331
27569	34586
31039	37399
27613	36078
30570	38378
30425	34644
30898	38398
29593	38097
31396	35513
31838	33021
29273	35093
29438	38478
31773	33696
28622	36412
29166	32910
31493	33545
27034	35003
28512	38705
27131	35990
29713	35864
31208	33312
32867	35083
30777	35817
30606	37480
28865	36373
29483	35989
28392	34544
30151	35935
27829	37525
30159	37081
32396	32911
27616	38757
27405	36004
30200	33328
30446	34307
28507	35627
30979	33903
29971	34589
28415	33486
31726	36547
31263	34407
30833	36477
31765	34198
29508	33800
27067	34356
32658	34770
31845	35236
28124	34320
29317	33137
27556	37978
30944	38155
27113	36532
31871	37148
31609	36038
28710	37755
28941	35811
29312	36623
29325	35720
32148	33150
27528	36756
30765	34549
28751	37630
32448	35553
29975	36041
32276	37150
27288	38678
27909	34324
27892	33660
31950	33808
27331	33047
29486	35700
27051	37591
32663	34851
27830	34489
28835	35669
28793	38761
30566	35426
27518	37329
29022	36491
31447	33733
32273	34012
30743	33746
29197	34346
27008	36308
30851	36311
27423	38351
30890	33431
32572	34224
28155	36097
32433	36119
29431	36505
29449	38687
29020	36564
29823	32892
27953	34557
30939	37334
32065	34884
31257	38840
31325	36007
29244	33640
27277	35576
30179	36465
31979	38346
27420	34251
31809	34368
30745	38666
27234	36844
30611	33942
29957	35009
32441	36719
32485	35410
31151	35334
31605	36944
30395	33628
30932	34166
28001	38254
32058	38482
31872	33087
27682	38199
32599	34308
31424	37782
32488	35829
32239	34165
32787	37748
28185	36420
32344	38367
32701	36306
28854	34285
31291	34351
28802	38005
28706	34522
31433	38957
31946	34157
32877	34431
30465	38389
28272	35728
30356	38011
27070	37574
32700	36329
28868	37928
27059	36693
28361	33153
29915	38636
27677	35699
31279	38373
27875	38543
31491	36582
27380	33481
31347	33084
29277	33104
31648	38878
30817	37059
28998	35360
30928	38370
27921	35868
28271	33335
32091	35211
30324	34664
32676	34005
32012	36816
28397	37843
28306	37582
32684	34797
29115	38454
28613	36667
32773	37906
29974	33462
31823	36624
31185	34395
31219	35231
29613	35740
31559	33336
28752	34922
27472	38431
27250	37010
30205	38228
28956	38497
30860	38366
32439	34730
32452	35259
27560	35906
31107	38020
30083	35620
32739	34476
29484	36481
32638	37802
28443	36180
27124	35862
27017	34284
31799	37226
30328	33712
31908	38703
31551	36629
28980	38088
30742	36105
31781	34031
28294	33589
30732	35122
30490	33736
27185	34402
28750	34997
32705	35871
27404	32985
32126	34690
31478	32929
30553	34461
28610	38376
32504	37875
30711	34905
32805	33514
28175	38553
31834	32940
31539	33652
31667	36772
28325	34261
27301	36939
29632	37561
30676	36922
28738	35988
27201	36062
28787	34893
29708	36017
30989	37922
30625	37290
29382	36611
27694	36131
31487	34206
27397	35384
28658	37718
29589	35784
29882	36802
31372	34880
32852	35976
29336	36561
27141	34627
29207	33810
30725	37835
29272	33325
28517	36590
30373	38833
28959	37987
29714	37981
32778	38862
27254	34766
32036	35130
30692	36454
30540	32920
30512	33365
31814	33271
32535	37343
28879	33170
31532	34971
32052	36906
27676	37326
27922	38469
32127	37036
30714	33639
29682	37947
28678	38233
28139	35239
27075	37885
31191	33537
29075	33730
27977	35272
29144	35082
32361	34347
32241	36241
27195	35105
29511	37470
30520	32936
29617	38413
29590	38405
31825	35939
30883	36975
29706	38260
27587	38548
32502	37758
28100	38137
30339	38105
27989	37065
28823	35824
27618	36789
27064	38876
27741	37271
31661	38171
29217	37048
27895	38164
30406	36895
30850	36612
27706	34569
29220	38752
27615	34038
32863	38470
31767	35888
27573	37539
29181	36942
32020	37863
27787	33026
32197	35562
30840	35025
31495	35898
32683	35818
32740	34541
32270	36560
30089	33252
29452	38577
30812	37988
27775	33527
27523	36193
31693	34666
28151	33329
31412	37477
29699	35220
32157	36141
29375	34590
27086	33239
29420	37857
28006	38581
31829	33214
31642	38684
28832	34773
27216	33382
31681	36221
31251	33074
27782	33882
31089	33240
31407	37091
30178	35866
27481	38295
30201	34048
31489	33668
30130	33501
27661	33253
27135	37658
28345	34209
29905	33761
27707	37118
30156	38681
30068	35978
31637	34731
32029	38448
32388	36755
32681	35688
27286	33786
29987	37242
32820	38447
28726	35977
30224	33088
28376	34726
29948	33924
28795	35338
31774	35616
29757	33931
32138	38234
27440	36235
28900	34952
31861	36537
28487	36486
28262	35605
32290	34134
31430	36803
28344	37804
27330	38481
32755	38882
32140	34759
31507	34978
30806	34984
30092	37497
31633	34162
31343	36877
30997	33470
28924	37752
28686	33794
32595	36963
28866	37392
31918	38935
29605	36305
30113	34869
27310	35508
30066	33099
28087	33965
27362	34279
29517	37911
29390	33255
31697	36892
29744	36644
29230	36864
31087	34371
31663	34753
31515	38726
29631	36519
29480	34497
27500	34451
31791	36990
28626	36079
32281	38407
29872	34245
30107	34248
32169	33313
31906	36042
29332	33513
30859	36557
28878	36227
29161	38148
29827	36842
29979	33798
31668	34159
30511	33771
27945	33587
27705	35494
32267	37408
30143	37798
32834	37908
27373	34709
31006	38865
31716	34852
31338	35072
30006	34528
27232	35644
29025	33813
30164	34999
31584	37416
27743	38943
32541	36992
29719	34924
30253	35743
29005	32905
31595	36229
30421	33814
27384	37794
28796	38083
30261	33238
28067	36621
28240	37375
29432	34901
27703	35216
30116	35719
29360	34505
27602	37687
27136	34866
30443	34154
30955	36117
29140	38843
32645	33698
32653	35528
29029	38030
32828	35873
32187	37490
30657	38826
31750	38360
31391	33707
27168	38893
31135	34823
30849	36009
31005	37631
28353	38932
31086	34507
27468	38610
28815	36597
30672	35770
30605	38272
27584	35219
32668	33070
32019	38156
32070	34652
27078	37215
29334	34020
29814	36309
31734	37984
27492	36176
28747	37482
30082	35668
27611	35646
29084	38520
31196	37859
28246	34814
31968	35208
31555	38143
27726	38637
29106	33504
28123	35890
32183	36716
31247	37220
29557	34140
30591	33175
27755	37448
29228	34810
27958	34996
31117	33725
30300	36969
27674	35884
30780	33343
32477	34628
32129	34167
30927	35534
28506	33875
29686	37225
31451	38544
30733	38516
28591	34271
32321	38131
28263	38907
32003	34961
32542	35849
31591	37998
27091	33339
30963	36127
31235	38441
28696	37311
31653	37104
30631	36706
27119	34843
32389	33076
27337	38361
28828	33295
30818	33218
30581	35310
32009	34697
27293	33164
29215	33984
27427	33114
31899	36805
27303	37406
32802	36579
28166	33294
31807	33982
28672	37378
27231	36401
28764	38375
30661	34290
31956	38352
30920	35245
29443	37723
31076	34855
32734	33450
28810	36025
28533	35851
31066	35051
27548	38465
27132	35026
32836	34494
31469	34964
32405	34282
29253	38800
27961	33258
29174	36977
32025	35608
29136	36026
30514	35016
30269	35205
29291	36322
27884	34629
32594	36234
29127	37017
28712	34622
31081	34679
31988	38338
27772	35021
28958	32960
29171	38604
30579	38656
30567	36276
31530	38776
28912	35896
27246	37173
29826	33673
29793	37186
31796	34129
29777	37848
31997	35052
31511	38327
31703	38735
32224	36627
30800	34980
32277	34506
31028	34727
31210	33106
30346	33315
27062	36475
31875	35081
28551	38858
30477	33020
32878	35486
32351	37410
32876	33685
29916	35893
30863	38393
29832	38519
28194	37740
32242	34962
32644	36685
28885	37263
32131	33451
30463	35707
27620	33643
30970	33484
30442	35391
32275	33140
27126	37670
28937	36919
28473	33331
30235	36651
27644	33827
29982	34995
30893	35723
30047	32953
31881	33754
31113	37123
28960	33985
32323	35085
29129	35670
32354	38294
30403	35761
31268	35045
31804	37575
32372	35214
30507	33989
29984	35446
30768	36711
28558	34068
32610	33850
32298	38399
29700	35782
28822	38134
30278	33960
31849	37635
30039	36747
32467	38342
29616	32952
28580	34131
30807	35674
28459	37943
31967	38708
29929	37116
32449	36495
30196	35599
27512	34713
28011	36396
30774	34904
28483	34486
29445	38804
29116	38357
30342	34867
32590	35529
29210	38710
30032	38428
32456	34786
29850	37880
32339	37072
30722	38613
30236	37980
31565	33001
31893	34361
30734	34785
31475	36589
30202	34992
29969	35132
32507	38734
32104	36087
29985	37753
27561	38811
28733	37643
31546	37894
27490	34191
31931	35237
31463	35754
29643	36415
29847	38293
29195	38642
27753	33426
29307	35112
30630	38326
30877	37355
31238	37717
30170	37742
29540	38374
30309	36692
28017	34080
30060	38871
27534	37505
28717	34446
28911	38103
31224	33264
29321	37053
29186	37137
27080	37625
29512	34699
31570	33154
30482	34252
28676	33602
30365	38279
31403	38512
27641	37475
30186	36798
29697	34849
30308	36161
29911	37340
31510	35054
31625	37839
30876	33836
29054	33216
27688	33998
30869	37563
32575	33012
27077	35610
28204	34452
29696	37361
27950	34886
32840	36989
30429	38035
31152	33833
29695	33260
28070	37003
27583	38784
31398	38616
27876	36047
28328	35779
29899	38111
32287	36398
27649	34412
27761	38561
28683	35631
30996	35911
28652	36499
29143	35378
32774	37032
27565	36186
32336	36965
29871	38009
30992	36095
30728	36298
32272	37862
31418	32933
32380	35317
32830	35503
31790	35192
31912	36064
31408	35907
29104	36732
30397	35273
32559	37428
31504	36897
28279	38408
32635	33873
29477	33101
30874	35757
31870	38170
31295	38580
28643	36509
28208	35176
28929	38514
29983	35983
28430	37167
32170	36252
32839	35422
32327	37151
29293	33748
31012	33670
29549	35161
29256	36369
30900	37409
29941	36785
31016	35869
29058	38563
30980	34650
27285	35180
31373	34052
31459	38702
27117	36915
31880	34216
32220	34414
28457	32947
32500	33167
30183	37566
32255	35261
30726	33893
32445	33220
32641	32989
31492	33752
27359	37796
30985	37601
27513	38479
29781	34256
29064	33613
31187	35286
31461	36779
27317	34640
29865	33237
30596	38706
28122	33877
32722	35664
28366	38892
32714	34913
27524	37646
29259	33132
28617	37648
32037	35374
30031	36889
30952	34214
27804	35172
30086	34945
32424	35064
27868	37961
27984	37518
32392	34124
28418	34172
27222	38597
28400	34733
32325	37697
29201	37614
29121	36540
27781	37761
29577	37020
32848	33760
31659	33268
29187	33361
31980	34532
30376	34018
30438	37962
32016	36093
29504	38915
29822	34940
29730	35821
29112	34062
30221	38048
28990	37912
32525	36090
29722	34819
27831	33592
28214	33373
29128	35498
32190	34354
30351	33678
27645	33932
31640	35449
27704	34716
29039	35842
27203	33710
28942	36907
27165	33948
27357	36121
29246	35232
29510	32899
30519	35500
28650	37404
28882	35820
29251	35106
27697	36544
28575	34487
31237	37895
32026	38764
29858	35034
31336	34543
32329	34916
29935	33456
30953	34272
30422	35388
28478	34600
28022	37741
31879	35489
28620	38355
28641	33921
31164	34564
28618	36032
27734	36470
30628	38068
28101	38250
27935	38551
32301	35356
30105	37278
28919	33377
27444	38674
29934	33510
32469	36107
30537	34565
27537	37166
31365	34215
27827	35774
29690	34322
31297	35773
31740	33480
27002	34931
32306	34358
27489	38015
29284	34682
27411	35744
31326	38627
30593	35569
30474	33854
28336	38654
29328	34776
29574	34824
27477	33044
30658	37896
28775	32965
31531	33085
27739	38192
27799	37189
28779	36809
32866	36187
32226	38284
32125	37766
29954	35650
30701	36473
31527	36979
29300	37655
28955	38629
27115	37556
27905	37229
31878	36516
29933	35058
27715	33526
27352	35542
30904	38713
27326	35549
32340	38952
29684	36606
31067	38261
29780	37588
30274	33737
27382	33614
30513	35262
29920	33783
29132	34083
27870	38347
27170	38905
29158	37491
28481	38759
28939	33569
32478	37594
31608	35185
27044	35004
32529	35168
27971	33980
27358	37970
27746	36820
32280	38700
32560	33263
30539	38460
29536	38438
30402	34388
28339	36834
27498	34668
31315	36352
27701	33141
32670	36572
31410	34723
31204	36900
31102	38345
27712	35777
32771	34103
27881	37714
31673	33197
29535	33364
27670	35839
30659	36152
27227	37196
32285	35745
29471	38064
27407	35420
27718	38570
29844	38219
28554	35270
30067	33743
28141	36964
32460	36002
27672	38736
28182	36766
30855	35518
28161	33064
30419	37472
28772	38715
32247	38288
28932	34406
28846	34545
29501	36402
31171	36237
28041	33284
27506	38689
32621	33876
27258	35201
32702	35994
27128	33866
30070	35228
28630	38255
27702	34899
28906	34760
32732	34722
27305	35591
30757	35140
27777	38285
30680	34816
31180	38316
32305	36630
27557	37128
28703	38224
30713	36168
31033	36610
29076	36395
29533	37562
27890	33055
30756	34287
28283	35461
30211	38458
32453	38834
27491	34058
31147	33111
28621	36810
32627	34318
32496	36425
27221	33523
28845	34918
30326	33804
30114	33856
31643	36843
27012	34695
31768	33990
29204	33302
30085	38640
30755	38535
28515	33358
27076	35555
32120	33452
27861	33511
31422	33953
27458	35970
29475	36559
27215	34416
29656	33403
27218	36548
31903	38337
28000	35475
28224	37675
28165	35157
28200	35345
27510	33821
31508	34060
31593	34681
27322	38595
31635	35676
29459	36598
29709	33411
31554	34660
29932	33727
31023	36840
27847	37529
29205	36326
32074	33506
29472	37521
32365	35143
27605	32972
31434	36799
31830	37592
27796	37353
29804	35329
31759	36862
32517	37454
27271	33935
27323	33281
27505	33776
28576	36609
32472	38495
28241	34003
30527	35401
28625	35843
29734	34428
30936	33835
32712	36194
31202	34353
28587	36314
28642	35402
27727	36786
29294	38271
32620	35101
27515	34641
29784	35561
27692	38414
28242	34462
28872	35834
31157	37649
30545	34827
30492	36821
30209	36875
29805	36758
31063	34840
32747	37152
29824	37117
29861	37485
27315	38549
32426	37773
31190	38852
28318	37699
31620	34877
30165	32914
32615	37451
31226	36360
27684	36250
27139	35440
28543	38004
27325	33624
28278	33780
27321	34409
29694	37996
31949	34609
29532	38388
27050	38842
28356	36650
28383	35109
30968	34967
29524	38644
30938	35861
27872	36748
31320	35614
29798	38135
28634	36439
32420	33735
32296	33446
28870	34724
29339	33792
30994	35695
29370	35953
27699	33618
27125	38169
30710	33530
28357	33400
28841	34013
27770	37277
27593	33704
29561	37423
30921	36510
27981	34408
28753	34106
32134	34363
32066	37570
31993	37923
27600	37430
32246	36817
32539	37042
32792	36936
30148	36518
27018	33784
32656	38047
30260	35752
30781	37260
30702	35017
31105	37626
31414	37285
32334	34374
28670	35874
32180	36745
30522	37412
30803	36438
32851	37904
31742	35170
31054	37701
30677	34229
31676	37618
28025	37909
27972	33796
28914	34986
27665	36676
29636	36232
32582	37849
29703	35352
31844	35725
32171	35485
31122	34379
28121	33425
30617	36274
28419	37374
28314	36649
29565	38126
30678	32888
27198	35218
29518	35714
31189	36122
27047	38605
27161	38859
31311	33770
29820	36494
30016	36146
27372	36837
31846	38225
31277	38077
28086	34423
29306	34846
28458	37176
28674	33363
29810	34748
27675	35515
32553	37534
30775	33916
31220	38201
32665	33711
28113	38154
30526	37432
28110	36091
28961	37038
30972	38618
28342	38591
29953	38919
31652	37793
32319	38146
29098	36113
32818	33052
28704	37138
32014	33449
31544	35783
31460	35680
32167	36918
27324	33134
27401	38900
28479	38954
28714	34669
28705	35478
32885	35318
30966	34043
27387	35291
27421	36615
28255	38212
31821	34809
27063	33507
30704	34953
31112	33713
31272	33299
30828	34517
28723	38959
31749	36750
28886	33946
32471	38400
31330	36781
30414	34645
31402	33516
27666	33731
30348	36973
32872	36133
31721	33851
30040	37071
31188	34698
27313	37456
32404	38484
32761	37442
29455	35858
32874	38292
31526	38933
27849	34659
32297	36355
28743	33037
29179	37877
29964	36368
28957	37507
27164	35684
27443	38501
28732	36022
32416	37754
28544	34158
